1,7,9,13,17,29
1,7,9,13,17,33
1,7,9,13,17,34
1,7,9,13,17,35
1,7,9,13,17,40
1,7,9,13,17,41
1,7,9,13,29,33
1,7,9,13,29,40
1,7,9,13,29,41
1,7,9,13,33,40
1,7,9,13,33,41
1,7,9,13,40,41
1,7,9,17,26,40
1,7,9,17,29,33
1,7,9,17,29,34
1,7,9,17,29,35
1,7,9,17,29,40
1,7,9,17,29,41
1,7,9,17,33,34
1,7,9,17,33,35
1,7,9,17,33,40
1,7,9,17,33,41
1,7,9,17,34,40
1,7,9,17,34,41
1,7,9,17,35,40
1,7,9,17,35,41
1,7,9,17,40,41
1,7,9,29,33,40
1,7,9,29,33,41
1,7,9,29,40,41
1,7,9,33,40,41
1,7,9,34,40,41
1,7,9,35,40,41
1,9,13,17,29,40
1,9,13,17,29,41
1,9,13,17,33,40
1,9,13,17,33,41
1,9,13,17,40,41
1,9,17,29,33,40
1,9,17,29,33,41
1,9,17,29,40,41
1,9,17,33,40,41
5,7,9,13,17,40
5,7,9,13,17,41
5,7,9,17,29,40
5,7,9,17,29,41
5,7,9,17,33,40
5,7,9,17,33,41
5,7,9,17,40,41
7,9,11,13,17,40
7,9,11,13,17,41
7,9,11,17,29,40
7,9,11,17,29,41
7,9,11,17,33,40
7,9,11,17,33,41
7,9,11,17,40,41
7,9,13,14,17,29
7,9,13,14,17,33
7,9,13,14,17,40
7,9,13,14,17,41
7,9,13,14,40,41
7,9,13,16,17,40
7,9,13,17,26,29
7,9,13,17,26,33
7,9,13,17,26,40
7,9,13,17,26,41
7,9,13,17,29,33
7,9,13,17,29,34
7,9,13,17,29,35
7,9,13,17,29,40
7,9,13,17,29,41
7,9,13,17,33,34
7,9,13,17,33,35
7,9,13,17,33,40
7,9,13,17,33,41
7,9,13,17,34,35
7,9,13,17,34,40
7,9,13,17,34,41
7,9,13,17,35,40
7,9,13,17,35,41
7,9,13,17,40,41
7,9,13,26,29,40
7,9,13,26,33,40
7,9,13,26,40,41
7,9,13,29,33,34
7,9,13,29,33,35
7,9,13,29,33,40
7,9,13,29,33,41
7,9,13,29,34,40
7,9,13,29,34,41
7,9,13,29,35,40
7,9,13,29,35,41
7,9,13,29,40,41
7,9,13,33,34,40
7,9,13,33,34,41
7,9,13,33,35,40
7,9,13,33,35,41
7,9,13,33,40,41
7,9,13,34,35,40
7,9,13,34,40,41
7,9,13,35,40,41
7,9,14,17,29,33
7,9,14,17,29,40
7,9,14,17,29,41
7,9,14,17,33,40
7,9,14,17,33,41
7,9,14,17,34,40
7,9,14,17,35,40
7,9,14,17,40,41
7,9,14,29,40,41
7,9,14,33,40,41
7,9,16,17,29,40
7,9,16,17,33,40
7,9,16,17,40,41
7,9,17,18,40,41
7,9,17,26,29,33
7,9,17,26,29,40
7,9,17,26,29,41
7,9,17,26,33,40
7,9,17,26,33,41
7,9,17,26,34,40
7,9,17,26,34,41
7,9,17,26,35,40
7,9,17,26,35,41
7,9,17,26,40,41
7,9,17,29,33,34
7,9,17,29,33,35
7,9,17,29,33,40
7,9,17,29,33,41
7,9,17,29,34,35
7,9,17,29,34,40
7,9,17,29,34,41
7,9,17,29,35,40
7,9,17,29,35,41
7,9,17,29,40,41
7,9,17,32,40,41
7,9,17,33,34,35
7,9,17,33,34,40
7,9,17,33,34,41
7,9,17,33,35,40
7,9,17,33,35,41
7,9,17,33,40,41
7,9,17,34,35,40
7,9,17,34,35,41
7,9,17,34,40,41
7,9,17,35,40,41
7,9,26,29,33,40
7,9,26,29,40,41
7,9,26,33,40,41
7,9,29,33,34,40
7,9,29,33,34,41
7,9,29,33,35,40
7,9,29,33,35,41
7,9,29,33,40,41
7,9,29,34,35,40
7,9,29,34,40,41
7,9,29,35,40,41
7,9,33,34,35,40
7,9,33,34,40,41
7,9,33,35,40,41
7,9,34,35,40,41
7,13,17,29,33,40
7,13,17,29,33,41
7,13,17,29,40,41
7,13,17,33,40,41
7,13,17,34,40,41
7,13,17,35,40,41
7,17,29,33,40,41
7,17,29,34,40,41
7,17,29,35,40,41
7,17,33,34,40,41
7,17,33,35,40,41
9,13,17,26,40,41
9,13,17,29,33,34
9,13,17,29,33,35
9,13,17,29,33,40
9,13,17,29,33,41
9,13,17,29,34,40
9,13,17,29,34,41
9,13,17,29,35,40
9,13,17,29,35,41
9,13,17,29,40,41
9,13,17,33,34,40
9,13,17,33,34,41
9,13,17,33,35,40
9,13,17,33,35,41
9,13,17,33,40,41
9,13,17,34,40,41
9,13,17,35,40,41
9,13,29,33,40,41
9,17,26,29,40,41
9,17,26,33,40,41
9,17,29,33,34,40
9,17,29,33,34,41
9,17,29,33,35,40
9,17,29,33,35,41
9,17,29,33,40,41
9,17,29,34,40,41
9,17,29,35,40,41
9,17,33,34,40,41
9,17,33,35,40,41
9,17,34,35,40,41
