1,2,7,9,13,17
1,2,7,9,17,29
1,2,7,9,17,33
1,2,7,9,17,40
1,2,7,9,17,41
1,3,7,9,13,17
1,3,7,9,13,29
1,3,7,9,13,33
1,3,7,9,13,40
1,3,7,9,13,41
1,3,7,9,17,29
1,3,7,9,17,33
1,3,7,9,17,34
1,3,7,9,17,35
1,3,7,9,17,40
1,3,7,9,17,41
1,3,7,9,29,33
1,3,7,9,29,40
1,3,7,9,29,41
1,3,7,9,33,40
1,3,7,9,33,41
1,3,7,9,40,41
1,3,9,13,17,40
1,3,9,13,17,41
1,3,9,17,29,40
1,3,9,17,29,41
1,3,9,17,33,40
1,3,9,17,33,41
1,3,9,17,40,41
1,4,7,9,13,17
1,4,7,9,13,29
1,4,7,9,13,33
1,4,7,9,13,40
1,4,7,9,13,41
1,4,7,9,17,29
1,4,7,9,17,33
1,4,7,9,17,34
1,4,7,9,17,35
1,4,7,9,17,40
1,4,7,9,17,41
1,4,7,9,29,33
1,4,7,9,29,40
1,4,7,9,29,41
1,4,7,9,33,40
1,4,7,9,33,41
1,4,7,9,34,40
1,4,7,9,35,40
1,4,7,9,40,41
1,4,7,17,40,41
1,4,9,13,17,29
1,4,9,13,17,33
1,4,9,13,17,40
1,4,9,13,17,41
1,4,9,17,29,33
1,4,9,17,29,40
1,4,9,17,29,41
1,4,9,17,33,40
1,4,9,17,33,41
1,4,9,17,40,41
1,5,7,9,11,17
1,5,7,9,13,17
1,5,7,9,13,26
1,5,7,9,13,29
1,5,7,9,13,33
1,5,7,9,13,34
1,5,7,9,13,35
1,5,7,9,13,40
1,5,7,9,13,41
1,5,7,9,14,17
1,5,7,9,14,40
1,5,7,9,14,41
1,5,7,9,16,17
1,5,7,9,17,26
1,5,7,9,17,29
1,5,7,9,17,33
1,5,7,9,17,34
1,5,7,9,17,35
1,5,7,9,17,40
1,5,7,9,17,41
1,5,7,9,26,29
1,5,7,9,26,33
1,5,7,9,26,40
1,5,7,9,26,41
1,5,7,9,29,33
1,5,7,9,29,34
1,5,7,9,29,35
1,5,7,9,29,40
1,5,7,9,29,41
1,5,7,9,33,34
1,5,7,9,33,35
1,5,7,9,33,40
1,5,7,9,33,41
1,5,7,9,34,35
1,5,7,9,34,40
1,5,7,9,34,41
1,5,7,9,35,40
1,5,7,9,35,41
1,5,7,9,40,41
1,5,7,13,17,29
1,5,7,13,17,33
1,5,7,13,17,40
1,5,7,13,17,41
1,5,7,13,29,40
1,5,7,13,33,40
1,5,7,13,40,41
1,5,7,17,29,33
1,5,7,17,29,40
1,5,7,17,29,41
1,5,7,17,33,40
1,5,7,17,33,41
1,5,7,17,34,40
1,5,7,17,34,41
1,5,7,17,35,40
1,5,7,17,35,41
1,5,7,17,40,41
1,5,7,29,33,40
1,5,7,29,40,41
1,5,7,33,40,41
1,5,9,13,17,29
1,5,9,13,17,33
1,5,9,13,17,34
1,5,9,13,17,35
1,5,9,13,17,40
1,5,9,13,17,41
1,5,9,13,29,33
1,5,9,13,29,40
1,5,9,13,29,41
1,5,9,13,33,40
1,5,9,13,33,41
1,5,9,13,34,40
1,5,9,13,35,40
1,5,9,13,40,41
1,5,9,14,17,40
1,5,9,17,26,40
1,5,9,17,26,41
1,5,9,17,29,33
1,5,9,17,29,34
1,5,9,17,29,35
1,5,9,17,29,40
1,5,9,17,29,41
1,5,9,17,33,34
1,5,9,17,33,35
1,5,9,17,33,40
1,5,9,17,33,41
1,5,9,17,34,40
1,5,9,17,34,41
1,5,9,17,35,40
1,5,9,17,35,41
1,5,9,17,40,41
1,5,9,29,33,40
1,5,9,29,33,41
1,5,9,29,34,40
1,5,9,29,35,40
1,5,9,29,40,41
1,5,9,33,34,40
1,5,9,33,35,40
1,5,9,33,40,41
1,5,9,34,40,41
1,5,9,35,40,41
1,5,13,17,40,41
1,5,17,29,40,41
1,5,17,33,40,41
1,7,8,9,17,40
1,7,9,11,13,17
1,7,9,11,13,26
1,7,9,11,13,29
1,7,9,11,13,33
1,7,9,11,13,34
1,7,9,11,13,35
1,7,9,11,13,40
1,7,9,11,13,41
1,7,9,11,14,17
1,7,9,11,14,40
1,7,9,11,14,41
1,7,9,11,16,17
1,7,9,11,17,26
1,7,9,11,17,29
1,7,9,11,17,33
1,7,9,11,17,34
1,7,9,11,17,35
1,7,9,11,17,40
1,7,9,11,17,41
1,7,9,11,26,29
1,7,9,11,26,33
1,7,9,11,26,40
1,7,9,11,26,41
1,7,9,11,29,33
1,7,9,11,29,34
1,7,9,11,29,35
1,7,9,11,29,40
1,7,9,11,29,41
1,7,9,11,33,34
1,7,9,11,33,35
1,7,9,11,33,40
1,7,9,11,33,41
1,7,9,11,34,35
1,7,9,11,34,40
1,7,9,11,34,41
1,7,9,11,35,40
1,7,9,11,35,41
1,7,9,11,40,41
1,7,9,13,14,17
1,7,9,13,14,26
1,7,9,13,14,29
1,7,9,13,14,33
1,7,9,13,14,34
1,7,9,13,14,35
1,7,9,13,14,40
1,7,9,13,14,41
1,7,9,13,16,17
1,7,9,13,16,29
1,7,9,13,16,33
1,7,9,13,16,34
1,7,9,13,16,35
1,7,9,13,16,40
1,7,9,13,16,41
1,7,9,13,17,18
1,7,9,13,17,21
1,7,9,13,17,22
1,7,9,13,17,25
1,7,9,13,17,26
1,7,9,13,17,30
1,7,9,13,17,31
1,7,9,13,17,32
1,7,9,13,17,36
1,7,9,13,17,39
1,7,9,13,17,42
1,7,9,13,18,29
1,7,9,13,18,33
1,7,9,13,18,34
1,7,9,13,18,35
1,7,9,13,18,40
1,7,9,13,18,41
1,7,9,13,21,29
1,7,9,13,21,33
1,7,9,13,21,40
1,7,9,13,21,41
1,7,9,13,22,40
1,7,9,13,25,29
1,7,9,13,25,33
1,7,9,13,25,40
1,7,9,13,25,41
1,7,9,13,26,29
1,7,9,13,26,33
1,7,9,13,26,34
1,7,9,13,26,35
1,7,9,13,26,40
1,7,9,13,26,41
1,7,9,13,29,30
1,7,9,13,29,31
1,7,9,13,29,32
1,7,9,13,29,34
1,7,9,13,29,35
1,7,9,13,29,36
1,7,9,13,29,42
1,7,9,13,30,33
1,7,9,13,30,40
1,7,9,13,30,41
1,7,9,13,31,33
1,7,9,13,31,40
1,7,9,13,31,41
1,7,9,13,32,33
1,7,9,13,32,34
1,7,9,13,32,35
1,7,9,13,32,40
1,7,9,13,32,41
1,7,9,13,33,34
1,7,9,13,33,35
1,7,9,13,33,36
1,7,9,13,33,42
1,7,9,13,34,35
1,7,9,13,34,40
1,7,9,13,34,41
1,7,9,13,35,40
1,7,9,13,35,41
1,7,9,13,36,40
1,7,9,13,36,41
1,7,9,13,39,40
1,7,9,13,39,41
1,7,9,13,40,42
1,7,9,13,41,42
1,7,9,14,16,17
1,7,9,14,16,40
1,7,9,14,17,18
1,7,9,14,17,26
1,7,9,14,17,29
1,7,9,14,17,32
1,7,9,14,17,33
1,7,9,14,17,34
1,7,9,14,17,35
1,7,9,14,17,40
1,7,9,14,17,41
1,7,9,14,26,29
1,7,9,14,26,33
1,7,9,14,26,40
1,7,9,14,26,41
1,7,9,14,29,33
1,7,9,14,29,34
1,7,9,14,29,35
1,7,9,14,29,40
1,7,9,14,29,41
1,7,9,14,33,34
1,7,9,14,33,35
1,7,9,14,33,40
1,7,9,14,33,41
1,7,9,14,34,35
1,7,9,14,34,40
1,7,9,14,34,41
1,7,9,14,35,40
1,7,9,14,35,41
1,7,9,14,40,41
1,7,9,15,17,40
1,7,9,15,17,41
1,7,9,16,17,26
1,7,9,16,17,29
1,7,9,16,17,33
1,7,9,16,17,34
1,7,9,16,17,35
1,7,9,16,17,40
1,7,9,16,17,41
1,7,9,16,26,40
1,7,9,16,26,41
1,7,9,16,29,33
1,7,9,16,29,34
1,7,9,16,29,35
1,7,9,16,29,40
1,7,9,16,29,41
1,7,9,16,33,34
1,7,9,16,33,35
1,7,9,16,33,40
1,7,9,16,33,41
1,7,9,16,34,40
1,7,9,16,34,41
1,7,9,16,35,40
1,7,9,16,35,41
1,7,9,16,40,41
1,7,9,17,18,26
1,7,9,17,18,29
1,7,9,17,18,33
1,7,9,17,18,34
1,7,9,17,18,35
1,7,9,17,18,40
1,7,9,17,18,41
1,7,9,17,20,40
1,7,9,17,21,29
1,7,9,17,21,33
1,7,9,17,21,34
1,7,9,17,21,35
1,7,9,17,21,40
1,7,9,17,21,41
1,7,9,17,22,29
1,7,9,17,22,33
1,7,9,17,22,40
1,7,9,17,22,41
1,7,9,17,23,40
1,7,9,17,23,41
1,7,9,17,25,29
1,7,9,17,25,33
1,7,9,17,25,34
1,7,9,17,25,35
1,7,9,17,25,40
1,7,9,17,25,41
1,7,9,17,26,29
1,7,9,17,26,30
1,7,9,17,26,31
1,7,9,17,26,32
1,7,9,17,26,33
1,7,9,17,26,34
1,7,9,17,26,35
1,7,9,17,26,36
1,7,9,17,26,41
1,7,9,17,28,40
1,7,9,17,28,41
1,7,9,17,29,30
1,7,9,17,29,31
1,7,9,17,29,32
1,7,9,17,29,36
1,7,9,17,29,39
1,7,9,17,29,42
1,7,9,17,30,33
1,7,9,17,30,34
1,7,9,17,30,35
1,7,9,17,30,40
1,7,9,17,30,41
1,7,9,17,31,33
1,7,9,17,31,34
1,7,9,17,31,35
1,7,9,17,31,40
1,7,9,17,31,41
1,7,9,17,32,33
1,7,9,17,32,34
1,7,9,17,32,35
1,7,9,17,32,40
1,7,9,17,32,41
1,7,9,17,33,36
1,7,9,17,33,39
1,7,9,17,33,42
1,7,9,17,34,35
1,7,9,17,34,36
1,7,9,17,34,39
1,7,9,17,34,42
1,7,9,17,35,36
1,7,9,17,35,39
1,7,9,17,35,42
1,7,9,17,36,40
1,7,9,17,36,41
1,7,9,17,39,40
1,7,9,17,39,41
1,7,9,17,40,42
1,7,9,17,40,43
1,7,9,17,41,42
1,7,9,18,26,40
1,7,9,18,29,33
1,7,9,18,29,34
1,7,9,18,29,35
1,7,9,18,29,40
1,7,9,18,29,41
1,7,9,18,33,34
1,7,9,18,33,35
1,7,9,18,33,40
1,7,9,18,33,41
1,7,9,18,34,40
1,7,9,18,34,41
1,7,9,18,35,40
1,7,9,18,35,41
1,7,9,18,40,41
1,7,9,21,29,33
1,7,9,21,29,40
1,7,9,21,29,41
1,7,9,21,33,40
1,7,9,21,33,41
1,7,9,21,34,40
1,7,9,21,35,40
1,7,9,21,40,41
1,7,9,22,29,40
1,7,9,22,33,40
1,7,9,22,40,41
1,7,9,25,29,33
1,7,9,25,29,40
1,7,9,25,29,41
1,7,9,25,33,40
1,7,9,25,33,41
1,7,9,25,40,41
1,7,9,26,29,33
1,7,9,26,29,34
1,7,9,26,29,35
1,7,9,26,29,40
1,7,9,26,29,41
1,7,9,26,32,40
1,7,9,26,33,34
1,7,9,26,33,35
1,7,9,26,33,40
1,7,9,26,33,41
1,7,9,26,34,35
1,7,9,26,34,40
1,7,9,26,34,41
1,7,9,26,35,40
1,7,9,26,35,41
1,7,9,26,40,41
1,7,9,29,30,33
1,7,9,29,30,40
1,7,9,29,30,41
1,7,9,29,31,33
1,7,9,29,31,40
1,7,9,29,31,41
1,7,9,29,32,33
1,7,9,29,32,34
1,7,9,29,32,35
1,7,9,29,32,40
1,7,9,29,32,41
1,7,9,29,33,34
1,7,9,29,33,35
1,7,9,29,33,36
1,7,9,29,33,42
1,7,9,29,34,35
1,7,9,29,34,40
1,7,9,29,34,41
1,7,9,29,35,40
1,7,9,29,35,41
1,7,9,29,36,40
1,7,9,29,36,41
1,7,9,29,39,40
1,7,9,29,39,41
1,7,9,29,40,42
1,7,9,29,41,42
1,7,9,30,33,40
1,7,9,30,33,41
1,7,9,30,34,40
1,7,9,30,34,41
1,7,9,30,35,40
1,7,9,30,35,41
1,7,9,30,40,41
1,7,9,31,33,40
1,7,9,31,33,41
1,7,9,31,34,40
1,7,9,31,34,41
1,7,9,31,35,40
1,7,9,31,35,41
1,7,9,31,40,41
1,7,9,32,33,34
1,7,9,32,33,35
1,7,9,32,33,40
1,7,9,32,33,41
1,7,9,32,34,40
1,7,9,32,34,41
1,7,9,32,35,40
1,7,9,32,35,41
1,7,9,32,40,41
1,7,9,33,34,35
1,7,9,33,34,40
1,7,9,33,34,41
1,7,9,33,35,40
1,7,9,33,35,41
1,7,9,33,36,40
1,7,9,33,36,41
1,7,9,33,39,40
1,7,9,33,39,41
1,7,9,33,40,42
1,7,9,33,41,42
1,7,9,34,35,40
1,7,9,34,35,41
1,7,9,34,36,40
1,7,9,34,36,41
1,7,9,35,36,40
1,7,9,35,36,41
1,7,9,36,40,41
1,7,9,39,40,41
1,7,9,40,41,42
1,7,11,13,17,29
1,7,11,13,17,33
1,7,11,13,17,40
1,7,11,13,17,41
1,7,11,13,29,40
1,7,11,13,33,40
1,7,11,13,40,41
1,7,11,17,29,33
1,7,11,17,29,40
1,7,11,17,29,41
1,7,11,17,33,40
1,7,11,17,33,41
1,7,11,17,34,40
1,7,11,17,34,41
1,7,11,17,35,40
1,7,11,17,35,41
1,7,11,17,40,41
1,7,11,29,33,40
1,7,11,29,40,41
1,7,11,33,40,41
1,7,13,14,17,29
1,7,13,14,17,33
1,7,13,14,17,34
1,7,13,14,17,35
1,7,13,14,17,40
1,7,13,14,17,41
1,7,13,14,29,33
1,7,13,14,29,40
1,7,13,14,29,41
1,7,13,14,33,40
1,7,13,14,33,41
1,7,13,14,40,41
1,7,13,16,17,29
1,7,13,16,17,33
1,7,13,16,17,40
1,7,13,16,17,41
1,7,13,16,40,41
1,7,13,17,18,29
1,7,13,17,18,33
1,7,13,17,18,40
1,7,13,17,18,41
1,7,13,17,26,29
1,7,13,17,26,33
1,7,13,17,26,34
1,7,13,17,26,35
1,7,13,17,26,40
1,7,13,17,26,41
1,7,13,17,29,32
1,7,13,17,29,33
1,7,13,17,29,34
1,7,13,17,29,35
1,7,13,17,29,40
1,7,13,17,29,41
1,7,13,17,30,40
1,7,13,17,31,40
1,7,13,17,32,33
1,7,13,17,32,40
1,7,13,17,32,41
1,7,13,17,33,34
1,7,13,17,33,35
1,7,13,17,33,40
1,7,13,17,33,41
1,7,13,17,34,35
1,7,13,17,34,40
1,7,13,17,34,41
1,7,13,17,35,40
1,7,13,17,35,41
1,7,13,17,36,40
1,7,13,17,40,41
1,7,13,26,29,33
1,7,13,26,29,40
1,7,13,26,29,41
1,7,13,26,33,40
1,7,13,26,33,41
1,7,13,26,34,40
1,7,13,26,35,40
1,7,13,26,40,41
1,7,13,29,33,34
1,7,13,29,33,35
1,7,13,29,33,40
1,7,13,29,33,41
1,7,13,29,34,35
1,7,13,29,34,40
1,7,13,29,34,41
1,7,13,29,35,40
1,7,13,29,35,41
1,7,13,29,40,41
1,7,13,33,34,35
1,7,13,33,34,40
1,7,13,33,34,41
1,7,13,33,35,40
1,7,13,33,35,41
1,7,13,33,40,41
1,7,13,34,35,40
1,7,13,34,35,41
1,7,13,34,40,41
1,7,13,35,40,41
1,7,14,17,26,40
1,7,14,17,29,33
1,7,14,17,29,34
1,7,14,17,29,35
1,7,14,17,29,40
1,7,14,17,29,41
1,7,14,17,33,34
1,7,14,17,33,35
1,7,14,17,33,40
1,7,14,17,33,41
1,7,14,17,34,40
1,7,14,17,34,41
1,7,14,17,35,40
1,7,14,17,35,41
1,7,14,17,40,41
1,7,14,29,33,40
1,7,14,29,33,41
1,7,14,29,40,41
1,7,14,33,40,41
1,7,14,34,40,41
1,7,14,35,40,41
1,7,16,17,29,33
1,7,16,17,29,40
1,7,16,17,29,41
1,7,16,17,33,40
1,7,16,17,33,41
1,7,16,17,34,40
1,7,16,17,35,40
1,7,16,17,40,41
1,7,16,29,40,41
1,7,16,33,40,41
1,7,17,18,29,33
1,7,17,18,29,40
1,7,17,18,29,41
1,7,17,18,33,40
1,7,17,18,33,41
1,7,17,18,40,41
1,7,17,21,40,41
1,7,17,26,29,33
1,7,17,26,29,34
1,7,17,26,29,35
1,7,17,26,29,40
1,7,17,26,29,41
1,7,17,26,33,34
1,7,17,26,33,35
1,7,17,26,33,40
1,7,17,26,33,41
1,7,17,26,34,40
1,7,17,26,34,41
1,7,17,26,35,40
1,7,17,26,35,41
1,7,17,26,40,41
1,7,17,29,30,40
1,7,17,29,31,40
1,7,17,29,32,33
1,7,17,29,32,40
1,7,17,29,32,41
1,7,17,29,33,34
1,7,17,29,33,35
1,7,17,29,33,40
1,7,17,29,33,41
1,7,17,29,34,35
1,7,17,29,34,40
1,7,17,29,34,41
1,7,17,29,35,40
1,7,17,29,35,41
1,7,17,29,36,40
1,7,17,29,40,41
1,7,17,30,33,40
1,7,17,30,40,41
1,7,17,31,33,40
1,7,17,31,40,41
1,7,17,32,33,40
1,7,17,32,33,41
1,7,17,32,40,41
1,7,17,33,34,35
1,7,17,33,34,40
1,7,17,33,34,41
1,7,17,33,35,40
1,7,17,33,35,41
1,7,17,33,36,40
1,7,17,33,40,41
1,7,17,34,35,40
1,7,17,34,35,41
1,7,17,34,40,41
1,7,17,35,40,41
1,7,17,36,40,41
1,7,26,29,33,40
1,7,26,29,33,41
1,7,26,29,34,40
1,7,26,29,35,40
1,7,26,29,40,41
1,7,26,33,34,40
1,7,26,33,35,40
1,7,26,33,40,41
1,7,26,34,40,41
1,7,26,35,40,41
1,7,29,33,34,35
1,7,29,33,34,40
1,7,29,33,34,41
1,7,29,33,35,40
1,7,29,33,35,41
1,7,29,33,40,41
1,7,29,34,35,40
1,7,29,34,35,41
1,7,29,34,40,41
1,7,29,35,40,41
1,7,33,34,35,40
1,7,33,34,35,41
1,7,33,34,40,41
1,7,33,35,40,41
1,7,34,35,40,41
1,9,11,13,17,29
1,9,11,13,17,33
1,9,11,13,17,34
1,9,11,13,17,35
1,9,11,13,17,40
1,9,11,13,17,41
1,9,11,13,29,33
1,9,11,13,29,40
1,9,11,13,29,41
1,9,11,13,33,40
1,9,11,13,33,41
1,9,11,13,34,40
1,9,11,13,35,40
1,9,11,13,40,41
1,9,11,14,17,40
1,9,11,17,26,40
1,9,11,17,26,41
1,9,11,17,29,33
1,9,11,17,29,34
1,9,11,17,29,35
1,9,11,17,29,40
1,9,11,17,29,41
1,9,11,17,33,34
1,9,11,17,33,35
1,9,11,17,33,40
1,9,11,17,33,41
1,9,11,17,34,40
1,9,11,17,34,41
1,9,11,17,35,40
1,9,11,17,35,41
1,9,11,17,40,41
1,9,11,29,33,40
1,9,11,29,33,41
1,9,11,29,34,40
1,9,11,29,35,40
1,9,11,29,40,41
1,9,11,33,34,40
1,9,11,33,35,40
1,9,11,33,40,41
1,9,11,34,40,41
1,9,11,35,40,41
1,9,13,14,17,26
1,9,13,14,17,29
1,9,13,14,17,33
1,9,13,14,17,34
1,9,13,14,17,35
1,9,13,14,17,40
1,9,13,14,17,41
1,9,13,14,29,33
1,9,13,14,29,34
1,9,13,14,29,35
1,9,13,14,29,40
1,9,13,14,29,41
1,9,13,14,33,34
1,9,13,14,33,35
1,9,13,14,33,40
1,9,13,14,33,41
1,9,13,14,34,40
1,9,13,14,34,41
1,9,13,14,35,40
1,9,13,14,35,41
1,9,13,14,40,41
1,9,13,16,17,29
1,9,13,16,17,33
1,9,13,16,17,34
1,9,13,16,17,35
1,9,13,16,17,40
1,9,13,16,17,41
1,9,13,16,29,33
1,9,13,16,29,40
1,9,13,16,29,41
1,9,13,16,33,40
1,9,13,16,33,41
1,9,13,16,40,41
1,9,13,17,18,29
1,9,13,17,18,33
1,9,13,17,18,34
1,9,13,17,18,35
1,9,13,17,18,40
1,9,13,17,18,41
1,9,13,17,21,29
1,9,13,17,21,33
1,9,13,17,21,40
1,9,13,17,21,41
1,9,13,17,25,40
1,9,13,17,25,41
1,9,13,17,26,29
1,9,13,17,26,33
1,9,13,17,26,34
1,9,13,17,26,35
1,9,13,17,26,40
1,9,13,17,26,41
1,9,13,17,29,30
1,9,13,17,29,31
1,9,13,17,29,32
1,9,13,17,29,33
1,9,13,17,29,34
1,9,13,17,29,35
1,9,13,17,29,36
1,9,13,17,30,33
1,9,13,17,30,40
1,9,13,17,30,41
1,9,13,17,31,33
1,9,13,17,31,40
1,9,13,17,31,41
1,9,13,17,32,33
1,9,13,17,32,34
1,9,13,17,32,35
1,9,13,17,32,40
1,9,13,17,32,41
1,9,13,17,33,34
1,9,13,17,33,35
1,9,13,17,33,36
1,9,13,17,34,35
1,9,13,17,34,40
1,9,13,17,34,41
1,9,13,17,35,40
1,9,13,17,35,41
1,9,13,17,36,40
1,9,13,17,36,41
1,9,13,17,39,40
1,9,13,17,40,42
1,9,13,17,41,42
1,9,13,18,29,40
1,9,13,18,29,41
1,9,13,18,33,40
1,9,13,18,33,41
1,9,13,18,40,41
1,9,13,26,29,33
1,9,13,26,29,34
1,9,13,26,29,35
1,9,13,26,29,40
1,9,13,26,29,41
1,9,13,26,33,34
1,9,13,26,33,35
1,9,13,26,33,40
1,9,13,26,33,41
1,9,13,26,34,40
1,9,13,26,34,41
1,9,13,26,35,40
1,9,13,26,35,41
1,9,13,26,40,41
1,9,13,29,32,40
1,9,13,29,32,41
1,9,13,29,33,34
1,9,13,29,33,35
1,9,13,29,33,40
1,9,13,29,33,41
1,9,13,29,34,35
1,9,13,29,34,40
1,9,13,29,34,41
1,9,13,29,35,40
1,9,13,29,35,41
1,9,13,29,40,41
1,9,13,30,40,41
1,9,13,31,40,41
1,9,13,32,33,40
1,9,13,32,33,41
1,9,13,32,40,41
1,9,13,33,34,35
1,9,13,33,34,40
1,9,13,33,34,41
1,9,13,33,35,40
1,9,13,33,35,41
1,9,13,33,40,41
1,9,13,34,35,40
1,9,13,34,35,41
1,9,13,34,40,41
1,9,13,35,40,41
1,9,13,36,40,41
1,9,14,17,26,29
1,9,14,17,26,33
1,9,14,17,26,40
1,9,14,17,26,41
1,9,14,17,29,33
1,9,14,17,29,34
1,9,14,17,29,35
1,9,14,17,29,40
1,9,14,17,29,41
1,9,14,17,33,34
1,9,14,17,33,35
1,9,14,17,33,40
1,9,14,17,33,41
1,9,14,17,34,35
1,9,14,17,34,40
1,9,14,17,34,41
1,9,14,17,35,40
1,9,14,17,35,41
1,9,14,17,40,41
1,9,14,26,40,41
1,9,14,29,33,34
1,9,14,29,33,35
1,9,14,29,33,40
1,9,14,29,33,41
1,9,14,29,34,40
1,9,14,29,34,41
1,9,14,29,35,40
1,9,14,29,35,41
1,9,14,29,40,41
1,9,14,33,34,40
1,9,14,33,34,41
1,9,14,33,35,40
1,9,14,33,35,41
1,9,14,33,40,41
1,9,14,34,40,41
1,9,14,35,40,41
1,9,16,17,26,40
1,9,16,17,29,33
1,9,16,17,29,34
1,9,16,17,29,35
1,9,16,17,29,40
1,9,16,17,29,41
1,9,16,17,33,34
1,9,16,17,33,35
1,9,16,17,33,40
1,9,16,17,33,41
1,9,16,17,34,40
1,9,16,17,34,41
1,9,16,17,35,40
1,9,16,17,35,41
1,9,16,17,40,41
1,9,16,29,33,40
1,9,16,29,33,41
1,9,16,29,40,41
1,9,16,33,40,41
1,9,16,34,40,41
1,9,16,35,40,41
1,9,17,18,29,33
1,9,17,18,29,34
1,9,17,18,29,35
1,9,17,18,29,40
1,9,17,18,29,41
1,9,17,18,33,34
1,9,17,18,33,35
1,9,17,18,33,40
1,9,17,18,33,41
1,9,17,18,34,40
1,9,17,18,34,41
1,9,17,18,35,40
1,9,17,18,35,41
1,9,17,18,40,41
1,9,17,21,29,33
1,9,17,21,29,40
1,9,17,21,29,41
1,9,17,21,33,40
1,9,17,21,33,41
1,9,17,21,40,41
1,9,17,22,40,41
1,9,17,25,29,40
1,9,17,25,29,41
1,9,17,25,33,40
1,9,17,25,33,41
1,9,17,25,40,41
1,9,17,26,29,33
1,9,17,26,29,34
1,9,17,26,29,35
1,9,17,26,29,40
1,9,17,26,29,41
1,9,17,26,33,34
1,9,17,26,33,35
1,9,17,26,33,40
1,9,17,26,33,41
1,9,17,26,34,35
1,9,17,26,34,40
1,9,17,26,34,41
1,9,17,26,35,40
1,9,17,26,35,41
1,9,17,26,40,41
1,9,17,29,30,33
1,9,17,29,30,40
1,9,17,29,30,41
1,9,17,29,31,33
1,9,17,29,31,40
1,9,17,29,31,41
1,9,17,29,32,33
1,9,17,29,32,34
1,9,17,29,32,35
1,9,17,29,32,40
1,9,17,29,32,41
1,9,17,29,33,34
1,9,17,29,33,35
1,9,17,29,33,36
1,9,17,29,34,35
1,9,17,29,34,40
1,9,17,29,34,41
1,9,17,29,35,40
1,9,17,29,35,41
1,9,17,29,36,40
1,9,17,29,36,41
1,9,17,29,39,40
1,9,17,29,40,42
1,9,17,29,41,42
1,9,17,30,33,40
1,9,17,30,33,41
1,9,17,30,34,40
1,9,17,30,35,40
1,9,17,30,40,41
1,9,17,31,33,40
1,9,17,31,33,41
1,9,17,31,34,40
1,9,17,31,35,40
1,9,17,31,40,41
1,9,17,32,33,34
1,9,17,32,33,35
1,9,17,32,33,40
1,9,17,32,33,41
1,9,17,32,34,40
1,9,17,32,34,41
1,9,17,32,35,40
1,9,17,32,35,41
1,9,17,32,40,41
1,9,17,33,34,35
1,9,17,33,34,40
1,9,17,33,34,41
1,9,17,33,35,40
1,9,17,33,35,41
1,9,17,33,36,40
1,9,17,33,36,41
1,9,17,33,39,40
1,9,17,33,40,42
1,9,17,33,41,42
1,9,17,34,35,40
1,9,17,34,35,41
1,9,17,34,36,40
1,9,17,34,40,41
1,9,17,35,36,40
1,9,17,35,40,41
1,9,17,36,40,41
1,9,17,39,40,41
1,9,17,40,41,42
1,9,18,29,33,40
1,9,18,29,33,41
1,9,18,29,40,41
1,9,18,33,40,41
1,9,26,29,33,34
1,9,26,29,33,35
1,9,26,29,33,40
1,9,26,29,33,41
1,9,26,29,34,40
1,9,26,29,34,41
1,9,26,29,35,40
1,9,26,29,35,41
1,9,26,29,40,41
1,9,26,33,34,40
1,9,26,33,34,41
1,9,26,33,35,40
1,9,26,33,35,41
1,9,26,33,40,41
1,9,26,34,35,40
1,9,26,34,40,41
1,9,26,35,40,41
1,9,29,30,40,41
1,9,29,31,40,41
1,9,29,32,33,40
1,9,29,32,33,41
1,9,29,32,40,41
1,9,29,33,34,35
1,9,29,33,34,40
1,9,29,33,34,41
1,9,29,33,35,40
1,9,29,33,35,41
1,9,29,33,40,41
1,9,29,34,35,40
1,9,29,34,35,41
1,9,29,34,40,41
1,9,29,35,40,41
1,9,29,36,40,41
1,9,30,33,40,41
1,9,31,33,40,41
1,9,32,33,40,41
1,9,33,34,35,40
1,9,33,34,35,41
1,9,33,34,40,41
1,9,33,35,40,41
1,9,33,36,40,41
1,9,34,35,40,41
1,11,13,17,40,41
1,11,17,29,40,41
1,11,17,33,40,41
1,13,14,17,29,40
1,13,14,17,29,41
1,13,14,17,33,40
1,13,14,17,33,41
1,13,14,17,40,41
1,13,17,26,29,33
1,13,17,26,29,40
1,13,17,26,29,41
1,13,17,26,33,40
1,13,17,26,33,41
1,13,17,26,40,41
1,13,17,29,33,34
1,13,17,29,33,35
1,13,17,29,33,40
1,13,17,29,33,41
1,13,17,29,34,35
1,13,17,29,34,40
1,13,17,29,34,41
1,13,17,29,35,40
1,13,17,29,35,41
1,13,17,29,40,41
1,13,17,33,34,35
1,13,17,33,34,40
1,13,17,33,34,41
1,13,17,33,35,40
1,13,17,33,35,41
1,13,17,33,40,41
1,13,17,34,35,40
1,13,17,34,35,41
1,13,17,34,40,41
1,13,17,35,40,41
1,13,29,33,34,40
1,13,29,33,34,41
1,13,29,33,35,40
1,13,29,33,35,41
1,13,29,33,40,41
1,13,29,34,40,41
1,13,29,35,40,41
1,13,33,34,40,41
1,13,33,35,40,41
1,14,17,29,33,40
1,14,17,29,33,41
1,14,17,29,40,41
1,14,17,33,40,41
1,17,26,29,33,40
1,17,26,29,33,41
1,17,26,29,40,41
1,17,26,33,40,41
1,17,26,34,40,41
1,17,26,35,40,41
1,17,29,33,34,35
1,17,29,33,34,40
1,17,29,33,34,41
1,17,29,33,35,40
1,17,29,33,35,41
1,17,29,33,40,41
1,17,29,34,35,40
1,17,29,34,35,41
1,17,29,34,40,41
1,17,29,35,40,41
1,17,33,34,35,40
1,17,33,34,35,41
1,17,33,34,40,41
1,17,33,35,40,41
1,17,34,35,40,41
1,29,33,34,40,41
1,29,33,35,40,41
2,7,9,13,17,29
2,7,9,13,17,33
2,7,9,13,17,34
2,7,9,13,17,35
2,7,9,13,17,40
2,7,9,13,17,41
2,7,9,13,29,33
2,7,9,13,29,40
2,7,9,13,29,41
2,7,9,13,33,40
2,7,9,13,33,41
2,7,9,13,40,41
2,7,9,17,26,40
2,7,9,17,29,33
2,7,9,17,29,34
2,7,9,17,29,35
2,7,9,17,29,40
2,7,9,17,29,41
2,7,9,17,33,34
2,7,9,17,33,35
2,7,9,17,33,40
2,7,9,17,33,41
2,7,9,17,34,40
2,7,9,17,34,41
2,7,9,17,35,40
2,7,9,17,35,41
2,7,9,17,40,41
2,7,9,29,33,40
2,7,9,29,33,41
2,7,9,29,40,41
2,7,9,33,40,41
2,7,9,34,40,41
2,7,9,35,40,41
2,9,13,17,29,40
2,9,13,17,29,41
2,9,13,17,33,40
2,9,13,17,33,41
2,9,13,17,40,41
2,9,17,29,33,40
2,9,17,29,33,41
2,9,17,29,40,41
2,9,17,33,40,41
3,5,7,9,17,40
3,5,7,9,17,41
3,7,9,11,17,40
3,7,9,11,17,41
3,7,9,13,14,17
3,7,9,13,17,26
3,7,9,13,17,29
3,7,9,13,17,33
3,7,9,13,17,34
3,7,9,13,17,35
3,7,9,13,17,40
3,7,9,13,17,41
3,7,9,13,26,40
3,7,9,13,29,33
3,7,9,13,29,34
3,7,9,13,29,35
3,7,9,13,29,40
3,7,9,13,29,41
3,7,9,13,33,34
3,7,9,13,33,35
3,7,9,13,33,40
3,7,9,13,33,41
3,7,9,13,34,40
3,7,9,13,34,41
3,7,9,13,35,40
3,7,9,13,35,41
3,7,9,13,40,41
3,7,9,14,17,29
3,7,9,14,17,33
3,7,9,14,17,40
3,7,9,14,17,41
3,7,9,14,40,41
3,7,9,16,17,40
3,7,9,17,26,29
3,7,9,17,26,33
3,7,9,17,26,40
3,7,9,17,26,41
3,7,9,17,29,33
3,7,9,17,29,34
3,7,9,17,29,35
3,7,9,17,29,40
3,7,9,17,29,41
3,7,9,17,33,34
3,7,9,17,33,35
3,7,9,17,33,40
3,7,9,17,33,41
3,7,9,17,34,35
3,7,9,17,34,40
3,7,9,17,34,41
3,7,9,17,35,40
3,7,9,17,35,41
3,7,9,17,40,41
3,7,9,26,29,40
3,7,9,26,33,40
3,7,9,26,40,41
3,7,9,29,33,34
3,7,9,29,33,35
3,7,9,29,33,40
3,7,9,29,33,41
3,7,9,29,34,40
3,7,9,29,34,41
3,7,9,29,35,40
3,7,9,29,35,41
3,7,9,29,40,41
3,7,9,33,34,40
3,7,9,33,34,41
3,7,9,33,35,40
3,7,9,33,35,41
3,7,9,33,40,41
3,7,9,34,35,40
3,7,9,34,40,41
3,7,9,35,40,41
3,7,13,17,29,33
3,7,13,17,29,40
3,7,13,17,29,41
3,7,13,17,33,40
3,7,13,17,33,41
3,7,13,17,40,41
3,7,17,29,33,40
3,7,17,29,33,41
3,7,17,29,40,41
3,7,17,33,40,41
3,7,17,34,40,41
3,7,17,35,40,41
3,9,13,17,29,33
3,9,13,17,29,34
3,9,13,17,29,35
3,9,13,17,29,40
3,9,13,17,29,41
3,9,13,17,33,34
3,9,13,17,33,35
3,9,13,17,33,40
3,9,13,17,33,41
3,9,13,17,34,40
3,9,13,17,34,41
3,9,13,17,35,40
3,9,13,17,35,41
3,9,13,17,40,41
3,9,13,29,33,40
3,9,13,29,33,41
3,9,13,29,40,41
3,9,13,33,40,41
3,9,17,26,40,41
3,9,17,29,33,34
3,9,17,29,33,35
3,9,17,29,33,40
3,9,17,29,33,41
3,9,17,29,34,40
3,9,17,29,34,41
3,9,17,29,35,40
3,9,17,29,35,41
3,9,17,29,40,41
3,9,17,33,34,40
3,9,17,33,34,41
3,9,17,33,35,40
3,9,17,33,35,41
3,9,17,33,40,41
3,9,17,34,40,41
3,9,17,35,40,41
3,9,29,33,40,41
4,5,7,9,13,17
4,5,7,9,17,29
4,5,7,9,17,33
4,5,7,9,17,40
4,5,7,9,17,41
4,7,9,11,13,17
4,7,9,11,17,29
4,7,9,11,17,33
4,7,9,11,17,40
4,7,9,11,17,41
4,7,9,13,14,17
4,7,9,13,14,40
4,7,9,13,17,26
4,7,9,13,17,29
4,7,9,13,17,33
4,7,9,13,17,34
4,7,9,13,17,35
4,7,9,13,17,40
4,7,9,13,17,41
4,7,9,13,26,40
4,7,9,13,26,41
4,7,9,13,29,33
4,7,9,13,29,34
4,7,9,13,29,35
4,7,9,13,29,40
4,7,9,13,29,41
4,7,9,13,33,34
4,7,9,13,33,35
4,7,9,13,33,40
4,7,9,13,33,41
4,7,9,13,34,40
4,7,9,13,34,41
4,7,9,13,35,40
4,7,9,13,35,41
4,7,9,13,40,41
4,7,9,14,17,29
4,7,9,14,17,33
4,7,9,14,17,40
4,7,9,14,17,41
4,7,9,14,29,40
4,7,9,14,33,40
4,7,9,14,40,41
4,7,9,16,17,40
4,7,9,16,17,41
4,7,9,17,18,40
4,7,9,17,26,29
4,7,9,17,26,33
4,7,9,17,26,34
4,7,9,17,26,35
4,7,9,17,26,40
4,7,9,17,26,41
4,7,9,17,29,33
4,7,9,17,29,34
4,7,9,17,29,35
4,7,9,17,29,40
4,7,9,17,29,41
4,7,9,17,32,40
4,7,9,17,33,34
4,7,9,17,33,35
4,7,9,17,33,40
4,7,9,17,33,41
4,7,9,17,34,35
4,7,9,17,34,40
4,7,9,17,34,41
4,7,9,17,35,40
4,7,9,17,35,41
4,7,9,17,40,41
4,7,9,26,29,40
4,7,9,26,29,41
4,7,9,26,33,40
4,7,9,26,33,41
4,7,9,26,40,41
4,7,9,29,33,34
4,7,9,29,33,35
4,7,9,29,33,40
4,7,9,29,33,41
4,7,9,29,34,40
4,7,9,29,34,41
4,7,9,29,35,40
4,7,9,29,35,41
4,7,9,29,40,41
4,7,9,33,34,40
4,7,9,33,34,41
4,7,9,33,35,40
4,7,9,33,35,41
4,7,9,33,40,41
4,7,9,34,35,40
4,7,9,34,35,41
4,7,9,34,40,41
4,7,9,35,40,41
4,7,13,17,29,33
4,7,13,17,29,40
4,7,13,17,29,41
4,7,13,17,33,40
4,7,13,17,33,41
4,7,13,17,34,40
4,7,13,17,35,40
4,7,13,17,40,41
4,7,13,29,40,41
4,7,13,33,40,41
4,7,17,29,33,40
4,7,17,29,33,41
4,7,17,29,34,40
4,7,17,29,35,40
4,7,17,29,40,41
4,7,17,33,34,40
4,7,17,33,35,40
4,7,17,33,40,41
4,7,17,34,40,41
4,7,17,35,40,41
4,7,29,33,40,41
4,9,13,17,26,40
4,9,13,17,29,33
4,9,13,17,29,34
4,9,13,17,29,35
4,9,13,17,29,40
4,9,13,17,29,41
4,9,13,17,33,34
4,9,13,17,33,35
4,9,13,17,33,40
4,9,13,17,33,41
4,9,13,17,34,40
4,9,13,17,34,41
4,9,13,17,35,40
4,9,13,17,35,41
4,9,13,17,40,41
4,9,13,29,33,40
4,9,13,29,33,41
4,9,13,29,40,41
4,9,13,33,40,41
4,9,13,34,40,41
4,9,13,35,40,41
4,9,14,17,40,41
4,9,17,26,29,40
4,9,17,26,33,40
4,9,17,26,40,41
4,9,17,29,33,34
4,9,17,29,33,35
4,9,17,29,33,40
4,9,17,29,33,41
4,9,17,29,34,40
4,9,17,29,34,41
4,9,17,29,35,40
4,9,17,29,35,41
4,9,17,29,40,41
4,9,17,33,34,40
4,9,17,33,34,41
4,9,17,33,35,40
4,9,17,33,35,41
4,9,17,33,40,41
4,9,17,34,35,40
4,9,17,34,40,41
4,9,17,35,40,41
4,9,29,33,40,41
4,9,29,34,40,41
4,9,29,35,40,41
4,9,33,34,40,41
4,9,33,35,40,41
5,7,9,11,13,17
5,7,9,11,13,29
5,7,9,11,13,33
5,7,9,11,13,40
5,7,9,11,13,41
5,7,9,11,17,29
5,7,9,11,17,33
5,7,9,11,17,34
5,7,9,11,17,35
5,7,9,11,17,40
5,7,9,11,17,41
5,7,9,11,29,33
5,7,9,11,29,40
5,7,9,11,29,41
5,7,9,11,33,40
5,7,9,11,33,41
5,7,9,11,34,40
5,7,9,11,35,40
5,7,9,11,40,41
5,7,9,13,14,17
5,7,9,13,14,29
5,7,9,13,14,33
5,7,9,13,14,34
5,7,9,13,14,35
5,7,9,13,14,40
5,7,9,13,14,41
5,7,9,13,16,17
5,7,9,13,16,29
5,7,9,13,16,33
5,7,9,13,16,40
5,7,9,13,16,41
5,7,9,13,17,18
5,7,9,13,17,21
5,7,9,13,17,26
5,7,9,13,17,29
5,7,9,13,17,30
5,7,9,13,17,31
5,7,9,13,17,32
5,7,9,13,17,33
5,7,9,13,17,34
5,7,9,13,17,35
5,7,9,13,17,36
5,7,9,13,18,40
5,7,9,13,18,41
5,7,9,13,26,29
5,7,9,13,26,33
5,7,9,13,26,34
5,7,9,13,26,35
5,7,9,13,26,40
5,7,9,13,26,41
5,7,9,13,29,33
5,7,9,13,29,34
5,7,9,13,29,35
5,7,9,13,29,40
5,7,9,13,29,41
5,7,9,13,32,40
5,7,9,13,32,41
5,7,9,13,33,34
5,7,9,13,33,35
5,7,9,13,33,40
5,7,9,13,33,41
5,7,9,13,34,35
5,7,9,13,34,40
5,7,9,13,34,41
5,7,9,13,35,40
5,7,9,13,35,41
5,7,9,13,40,41
5,7,9,14,17,26
5,7,9,14,17,29
5,7,9,14,17,33
5,7,9,14,17,34
5,7,9,14,17,35
5,7,9,14,17,40
5,7,9,14,17,41
5,7,9,14,29,33
5,7,9,14,29,34
5,7,9,14,29,35
5,7,9,14,29,40
5,7,9,14,29,41
5,7,9,14,33,34
5,7,9,14,33,35
5,7,9,14,33,40
5,7,9,14,33,41
5,7,9,14,34,40
5,7,9,14,34,41
5,7,9,14,35,40
5,7,9,14,35,41
5,7,9,14,40,41
5,7,9,16,17,29
5,7,9,16,17,33
5,7,9,16,17,34
5,7,9,16,17,35
5,7,9,16,17,40
5,7,9,16,17,41
5,7,9,16,29,33
5,7,9,16,29,40
5,7,9,16,29,41
5,7,9,16,33,40
5,7,9,16,33,41
5,7,9,16,40,41
5,7,9,17,18,29
5,7,9,17,18,33
5,7,9,17,18,34
5,7,9,17,18,35
5,7,9,17,18,40
5,7,9,17,18,41
5,7,9,17,21,29
5,7,9,17,21,33
5,7,9,17,21,40
5,7,9,17,21,41
5,7,9,17,25,40
5,7,9,17,25,41
5,7,9,17,26,29
5,7,9,17,26,33
5,7,9,17,26,34
5,7,9,17,26,35
5,7,9,17,26,40
5,7,9,17,26,41
5,7,9,17,29,30
5,7,9,17,29,31
5,7,9,17,29,32
5,7,9,17,29,33
5,7,9,17,29,34
5,7,9,17,29,35
5,7,9,17,29,36
5,7,9,17,30,33
5,7,9,17,30,40
5,7,9,17,30,41
5,7,9,17,31,33
5,7,9,17,31,40
5,7,9,17,31,41
5,7,9,17,32,33
5,7,9,17,32,34
5,7,9,17,32,35
5,7,9,17,32,40
5,7,9,17,32,41
5,7,9,17,33,34
5,7,9,17,33,35
5,7,9,17,33,36
5,7,9,17,34,35
5,7,9,17,34,40
5,7,9,17,34,41
5,7,9,17,35,40
5,7,9,17,35,41
5,7,9,17,36,40
5,7,9,17,36,41
5,7,9,17,39,40
5,7,9,17,40,42
5,7,9,17,41,42
5,7,9,18,29,40
5,7,9,18,29,41
5,7,9,18,33,40
5,7,9,18,33,41
5,7,9,18,40,41
5,7,9,26,29,33
5,7,9,26,29,34
5,7,9,26,29,35
5,7,9,26,29,40
5,7,9,26,29,41
5,7,9,26,33,34
5,7,9,26,33,35
5,7,9,26,33,40
5,7,9,26,33,41
5,7,9,26,34,40
5,7,9,26,34,41
5,7,9,26,35,40
5,7,9,26,35,41
5,7,9,26,40,41
5,7,9,29,32,40
5,7,9,29,32,41
5,7,9,29,33,34
5,7,9,29,33,35
5,7,9,29,33,40
5,7,9,29,33,41
5,7,9,29,34,35
5,7,9,29,34,40
5,7,9,29,34,41
5,7,9,29,35,40
5,7,9,29,35,41
5,7,9,29,40,41
5,7,9,30,40,41
5,7,9,31,40,41
5,7,9,32,33,40
5,7,9,32,33,41
5,7,9,32,40,41
5,7,9,33,34,35
5,7,9,33,34,40
5,7,9,33,34,41
5,7,9,33,35,40
5,7,9,33,35,41
5,7,9,33,40,41
5,7,9,34,35,40
5,7,9,34,35,41
5,7,9,34,40,41
5,7,9,35,40,41
5,7,9,36,40,41
5,7,11,17,40,41
5,7,13,14,17,40
5,7,13,14,17,41
5,7,13,17,26,29
5,7,13,17,26,33
5,7,13,17,26,40
5,7,13,17,26,41
5,7,13,17,29,33
5,7,13,17,29,34
5,7,13,17,29,35
5,7,13,17,29,40
5,7,13,17,29,41
5,7,13,17,33,34
5,7,13,17,33,35
5,7,13,17,33,40
5,7,13,17,33,41
5,7,13,17,34,35
5,7,13,17,34,40
5,7,13,17,34,41
5,7,13,17,35,40
5,7,13,17,35,41
5,7,13,17,40,41
5,7,13,29,33,40
5,7,13,29,33,41
5,7,13,29,34,40
5,7,13,29,34,41
5,7,13,29,35,40
5,7,13,29,35,41
5,7,13,29,40,41
5,7,13,33,34,40
5,7,13,33,34,41
5,7,13,33,35,40
5,7,13,33,35,41
5,7,13,33,40,41
5,7,13,34,40,41
5,7,13,35,40,41
5,7,14,17,29,40
5,7,14,17,29,41
5,7,14,17,33,40
5,7,14,17,33,41
5,7,14,17,40,41
5,7,17,26,29,33
5,7,17,26,29,40
5,7,17,26,29,41
5,7,17,26,33,40
5,7,17,26,33,41
5,7,17,26,40,41
5,7,17,29,33,34
5,7,17,29,33,35
5,7,17,29,33,40
5,7,17,29,33,41
5,7,17,29,34,35
5,7,17,29,34,40
5,7,17,29,34,41
5,7,17,29,35,40
5,7,17,29,35,41
5,7,17,29,40,41
5,7,17,33,34,35
5,7,17,33,34,40
5,7,17,33,34,41
5,7,17,33,35,40
5,7,17,33,35,41
5,7,17,33,40,41
5,7,17,34,35,40
5,7,17,34,35,41
5,7,17,34,40,41
5,7,17,35,40,41
5,7,29,33,34,40
5,7,29,33,34,41
5,7,29,33,35,40
5,7,29,33,35,41
5,7,29,33,40,41
5,7,29,34,40,41
5,7,29,35,40,41
5,7,33,34,40,41
5,7,33,35,40,41
5,9,11,13,17,29
5,9,11,13,17,33
5,9,11,13,17,40
5,9,11,13,17,41
5,9,11,17,29,33
5,9,11,17,29,40
5,9,11,17,29,41
5,9,11,17,33,40
5,9,11,17,33,41
5,9,11,17,40,41
5,9,13,14,17,29
5,9,13,14,17,33
5,9,13,14,17,40
5,9,13,14,17,41
5,9,13,14,29,40
5,9,13,14,33,40
5,9,13,14,40,41
5,9,13,16,17,40
5,9,13,16,17,41
5,9,13,17,18,40
5,9,13,17,26,29
5,9,13,17,26,33
5,9,13,17,26,34
5,9,13,17,26,35
5,9,13,17,26,40
5,9,13,17,26,41
5,9,13,17,29,33
5,9,13,17,29,34
5,9,13,17,29,35
5,9,13,17,29,40
5,9,13,17,29,41
5,9,13,17,32,40
5,9,13,17,33,34
5,9,13,17,33,35
5,9,13,17,33,40
5,9,13,17,33,41
5,9,13,17,34,35
5,9,13,17,34,40
5,9,13,17,34,41
5,9,13,17,35,40
5,9,13,17,35,41
5,9,13,17,40,41
5,9,13,26,29,40
5,9,13,26,29,41
5,9,13,26,33,40
5,9,13,26,33,41
5,9,13,26,40,41
5,9,13,29,33,34
5,9,13,29,33,35
5,9,13,29,33,40
5,9,13,29,33,41
5,9,13,29,34,40
5,9,13,29,34,41
5,9,13,29,35,40
5,9,13,29,35,41
5,9,13,29,40,41
5,9,13,33,34,40
5,9,13,33,34,41
5,9,13,33,35,40
5,9,13,33,35,41
5,9,13,33,40,41
5,9,13,34,35,40
5,9,13,34,35,41
5,9,13,34,40,41
5,9,13,35,40,41
5,9,14,17,29,33
5,9,14,17,29,40
5,9,14,17,29,41
5,9,14,17,33,40
5,9,14,17,33,41
5,9,14,17,34,40
5,9,14,17,34,41
5,9,14,17,35,40
5,9,14,17,35,41
5,9,14,17,40,41
5,9,14,29,33,40
5,9,14,29,40,41
5,9,14,33,40,41
5,9,16,17,29,40
5,9,16,17,29,41
5,9,16,17,33,40
5,9,16,17,33,41
5,9,16,17,40,41
5,9,17,18,29,40
5,9,17,18,33,40
5,9,17,18,40,41
5,9,17,26,29,33
5,9,17,26,29,34
5,9,17,26,29,35
5,9,17,26,29,40
5,9,17,26,29,41
5,9,17,26,33,34
5,9,17,26,33,35
5,9,17,26,33,40
5,9,17,26,33,41
5,9,17,26,34,40
5,9,17,26,34,41
5,9,17,26,35,40
5,9,17,26,35,41
5,9,17,26,40,41
5,9,17,29,32,40
5,9,17,29,33,34
5,9,17,29,33,35
5,9,17,29,33,40
5,9,17,29,33,41
5,9,17,29,34,35
5,9,17,29,34,40
5,9,17,29,34,41
5,9,17,29,35,40
5,9,17,29,35,41
5,9,17,29,40,41
5,9,17,32,33,40
5,9,17,32,40,41
5,9,17,33,34,35
5,9,17,33,34,40
5,9,17,33,34,41
5,9,17,33,35,40
5,9,17,33,35,41
5,9,17,33,40,41
5,9,17,34,35,40
5,9,17,34,35,41
5,9,17,34,40,41
5,9,17,35,40,41
5,9,26,29,33,40
5,9,26,29,33,41
5,9,26,29,40,41
5,9,26,33,40,41
5,9,29,33,34,40
5,9,29,33,34,41
5,9,29,33,35,40
5,9,29,33,35,41
5,9,29,33,40,41
5,9,29,34,35,40
5,9,29,34,35,41
5,9,29,34,40,41
5,9,29,35,40,41
5,9,33,34,35,40
5,9,33,34,35,41
5,9,33,34,40,41
5,9,33,35,40,41
5,9,34,35,40,41
5,13,17,29,33,40
5,13,17,29,33,41
5,13,17,29,34,40
5,13,17,29,35,40
5,13,17,29,40,41
5,13,17,33,34,40
5,13,17,33,35,40
5,13,17,33,40,41
5,13,17,34,40,41
5,13,17,35,40,41
5,13,29,33,40,41
5,17,29,33,34,40
5,17,29,33,35,40
5,17,29,33,40,41
5,17,29,34,40,41
5,17,29,35,40,41
5,17,33,34,40,41
5,17,33,35,40,41
7,8,9,13,17,29
7,8,9,13,17,33
7,8,9,13,17,40
7,8,9,13,17,41
7,8,9,13,29,40
7,8,9,13,33,40
7,8,9,13,40,41
7,8,9,17,29,33
7,8,9,17,29,40
7,8,9,17,29,41
7,8,9,17,33,40
7,8,9,17,33,41
7,8,9,17,34,40
7,8,9,17,34,41
7,8,9,17,35,40
7,8,9,17,35,41
7,8,9,17,40,41
7,8,9,29,33,40
7,8,9,29,40,41
7,8,9,33,40,41
7,9,11,13,14,17
7,9,11,13,14,29
7,9,11,13,14,33
7,9,11,13,14,34
7,9,11,13,14,35
7,9,11,13,14,40
7,9,11,13,14,41
7,9,11,13,16,17
7,9,11,13,16,29
7,9,11,13,16,33
7,9,11,13,16,40
7,9,11,13,16,41
7,9,11,13,17,18
7,9,11,13,17,21
7,9,11,13,17,26
7,9,11,13,17,29
7,9,11,13,17,30
7,9,11,13,17,31
7,9,11,13,17,32
7,9,11,13,17,33
7,9,11,13,17,34
7,9,11,13,17,35
7,9,11,13,17,36
7,9,11,13,18,40
7,9,11,13,18,41
7,9,11,13,26,29
7,9,11,13,26,33
7,9,11,13,26,34
7,9,11,13,26,35
7,9,11,13,26,40
7,9,11,13,26,41
7,9,11,13,29,33
7,9,11,13,29,34
7,9,11,13,29,35
7,9,11,13,29,40
7,9,11,13,29,41
7,9,11,13,32,40
7,9,11,13,32,41
7,9,11,13,33,34
7,9,11,13,33,35
7,9,11,13,33,40
7,9,11,13,33,41
7,9,11,13,34,35
7,9,11,13,34,40
7,9,11,13,34,41
7,9,11,13,35,40
7,9,11,13,35,41
7,9,11,13,40,41
7,9,11,14,17,26
7,9,11,14,17,29
7,9,11,14,17,33
7,9,11,14,17,34
7,9,11,14,17,35
7,9,11,14,17,40
7,9,11,14,17,41
7,9,11,14,29,33
7,9,11,14,29,34
7,9,11,14,29,35
7,9,11,14,29,40
7,9,11,14,29,41
7,9,11,14,33,34
7,9,11,14,33,35
7,9,11,14,33,40
7,9,11,14,33,41
7,9,11,14,34,40
7,9,11,14,34,41
7,9,11,14,35,40
7,9,11,14,35,41
7,9,11,14,40,41
7,9,11,16,17,29
7,9,11,16,17,33
7,9,11,16,17,34
7,9,11,16,17,35
7,9,11,16,17,40
7,9,11,16,17,41
7,9,11,16,29,33
7,9,11,16,29,40
7,9,11,16,29,41
7,9,11,16,33,40
7,9,11,16,33,41
7,9,11,16,40,41
7,9,11,17,18,29
7,9,11,17,18,33
7,9,11,17,18,34
7,9,11,17,18,35
7,9,11,17,18,40
7,9,11,17,18,41
7,9,11,17,21,29
7,9,11,17,21,33
7,9,11,17,21,40
7,9,11,17,21,41
7,9,11,17,25,40
7,9,11,17,25,41
7,9,11,17,26,29
7,9,11,17,26,33
7,9,11,17,26,34
7,9,11,17,26,35
7,9,11,17,26,40
7,9,11,17,26,41
7,9,11,17,29,30
7,9,11,17,29,31
7,9,11,17,29,32
7,9,11,17,29,33
7,9,11,17,29,34
7,9,11,17,29,35
7,9,11,17,29,36
7,9,11,17,30,33
7,9,11,17,30,40
7,9,11,17,30,41
7,9,11,17,31,33
7,9,11,17,31,40
7,9,11,17,31,41
7,9,11,17,32,33
7,9,11,17,32,34
7,9,11,17,32,35
7,9,11,17,32,40
7,9,11,17,32,41
7,9,11,17,33,34
7,9,11,17,33,35
7,9,11,17,33,36
7,9,11,17,34,35
7,9,11,17,34,40
7,9,11,17,34,41
7,9,11,17,35,40
7,9,11,17,35,41
7,9,11,17,36,40
7,9,11,17,36,41
7,9,11,17,39,40
7,9,11,17,40,42
7,9,11,17,41,42
7,9,11,18,29,40
7,9,11,18,29,41
7,9,11,18,33,40
7,9,11,18,33,41
7,9,11,18,40,41
7,9,11,26,29,33
7,9,11,26,29,34
7,9,11,26,29,35
7,9,11,26,29,40
7,9,11,26,29,41
7,9,11,26,33,34
7,9,11,26,33,35
7,9,11,26,33,40
7,9,11,26,33,41
7,9,11,26,34,40
7,9,11,26,34,41
7,9,11,26,35,40
7,9,11,26,35,41
7,9,11,26,40,41
7,9,11,29,32,40
7,9,11,29,32,41
7,9,11,29,33,34
7,9,11,29,33,35
7,9,11,29,33,40
7,9,11,29,33,41
7,9,11,29,34,35
7,9,11,29,34,40
7,9,11,29,34,41
7,9,11,29,35,40
7,9,11,29,35,41
7,9,11,29,40,41
7,9,11,30,40,41
7,9,11,31,40,41
7,9,11,32,33,40
7,9,11,32,33,41
7,9,11,32,40,41
7,9,11,33,34,35
7,9,11,33,34,40
7,9,11,33,34,41
7,9,11,33,35,40
7,9,11,33,35,41
7,9,11,33,40,41
7,9,11,34,35,40
7,9,11,34,35,41
7,9,11,34,40,41
7,9,11,35,40,41
7,9,11,36,40,41
7,9,12,13,17,29
7,9,12,13,17,33
7,9,12,13,17,40
7,9,12,13,17,41
7,9,12,17,29,33
7,9,12,17,29,40
7,9,12,17,29,41
7,9,12,17,33,40
7,9,12,17,33,41
7,9,12,17,40,41
7,9,13,14,16,17
7,9,13,14,16,29
7,9,13,14,16,33
7,9,13,14,16,40
7,9,13,14,16,41
7,9,13,14,17,18
7,9,13,14,17,21
7,9,13,14,17,25
7,9,13,14,17,26
7,9,13,14,17,30
7,9,13,14,17,31
7,9,13,14,17,32
7,9,13,14,17,34
7,9,13,14,17,35
7,9,13,14,17,36
7,9,13,14,17,39
7,9,13,14,17,42
7,9,13,14,18,29
7,9,13,14,18,33
7,9,13,14,18,40
7,9,13,14,18,41
7,9,13,14,21,40
7,9,13,14,26,29
7,9,13,14,26,33
7,9,13,14,26,34
7,9,13,14,26,35
7,9,13,14,26,40
7,9,13,14,26,41
7,9,13,14,29,32
7,9,13,14,29,33
7,9,13,14,29,34
7,9,13,14,29,35
7,9,13,14,29,40
7,9,13,14,29,41
7,9,13,14,30,40
7,9,13,14,30,41
7,9,13,14,31,40
7,9,13,14,31,41
7,9,13,14,32,33
7,9,13,14,32,40
7,9,13,14,32,41
7,9,13,14,33,34
7,9,13,14,33,35
7,9,13,14,33,40
7,9,13,14,33,41
7,9,13,14,34,35
7,9,13,14,34,40
7,9,13,14,34,41
7,9,13,14,35,40
7,9,13,14,35,41
7,9,13,14,36,40
7,9,13,14,36,41
7,9,13,15,17,29
7,9,13,15,17,33
7,9,13,15,17,34
7,9,13,15,17,35
7,9,13,15,17,40
7,9,13,15,17,41
7,9,13,15,29,40
7,9,13,15,29,41
7,9,13,15,33,40
7,9,13,15,33,41
7,9,13,15,40,41
7,9,13,16,17,18
7,9,13,16,17,26
7,9,13,16,17,29
7,9,13,16,17,30
7,9,13,16,17,31
7,9,13,16,17,32
7,9,13,16,17,33
7,9,13,16,17,34
7,9,13,16,17,35
7,9,13,16,17,36
7,9,13,16,17,41
7,9,13,16,18,40
7,9,13,16,26,29
7,9,13,16,26,33
7,9,13,16,26,34
7,9,13,16,26,35
7,9,13,16,26,40
7,9,13,16,26,41
7,9,13,16,29,33
7,9,13,16,29,34
7,9,13,16,29,35
7,9,13,16,29,40
7,9,13,16,29,41
7,9,13,16,32,40
7,9,13,16,33,34
7,9,13,16,33,35
7,9,13,16,33,40
7,9,13,16,33,41
7,9,13,16,34,35
7,9,13,16,34,40
7,9,13,16,34,41
7,9,13,16,35,40
7,9,13,16,35,41
7,9,13,16,40,41
7,9,13,17,18,26
7,9,13,17,18,29
7,9,13,17,18,32
7,9,13,17,18,33
7,9,13,17,18,34
7,9,13,17,18,35
7,9,13,17,18,40
7,9,13,17,18,41
7,9,13,17,19,29
7,9,13,17,19,33
7,9,13,17,19,40
7,9,13,17,19,41
7,9,13,17,20,29
7,9,13,17,20,33
7,9,13,17,20,40
7,9,13,17,20,41
7,9,13,17,21,26
7,9,13,17,21,29
7,9,13,17,21,33
7,9,13,17,21,34
7,9,13,17,21,35
7,9,13,17,21,40
7,9,13,17,21,41
7,9,13,17,22,26
7,9,13,17,22,29
7,9,13,17,22,33
7,9,13,17,22,34
7,9,13,17,22,35
7,9,13,17,22,40
7,9,13,17,22,41
7,9,13,17,23,29
7,9,13,17,23,33
7,9,13,17,23,34
7,9,13,17,23,35
7,9,13,17,23,40
7,9,13,17,23,41
7,9,13,17,24,29
7,9,13,17,24,33
7,9,13,17,24,40
7,9,13,17,24,41
7,9,13,17,25,26
7,9,13,17,25,29
7,9,13,17,25,33
7,9,13,17,25,34
7,9,13,17,25,35
7,9,13,17,25,40
7,9,13,17,25,41
7,9,13,17,26,30
7,9,13,17,26,31
7,9,13,17,26,32
7,9,13,17,26,34
7,9,13,17,26,35
7,9,13,17,26,36
7,9,13,17,26,39
7,9,13,17,26,42
7,9,13,17,28,29
7,9,13,17,28,33
7,9,13,17,28,34
7,9,13,17,28,35
7,9,13,17,28,40
7,9,13,17,28,41
7,9,13,17,29,30
7,9,13,17,29,31
7,9,13,17,29,32
7,9,13,17,29,36
7,9,13,17,29,39
7,9,13,17,29,42
7,9,13,17,29,43
7,9,13,17,30,33
7,9,13,17,30,34
7,9,13,17,30,35
7,9,13,17,30,40
7,9,13,17,30,41
7,9,13,17,31,33
7,9,13,17,31,34
7,9,13,17,31,35
7,9,13,17,31,40
7,9,13,17,31,41
7,9,13,17,32,33
7,9,13,17,32,34
7,9,13,17,32,35
7,9,13,17,32,40
7,9,13,17,32,41
7,9,13,17,33,36
7,9,13,17,33,39
7,9,13,17,33,42
7,9,13,17,33,43
7,9,13,17,34,36
7,9,13,17,34,39
7,9,13,17,34,42
7,9,13,17,35,36
7,9,13,17,35,39
7,9,13,17,35,42
7,9,13,17,36,40
7,9,13,17,36,41
7,9,13,17,39,40
7,9,13,17,39,41
7,9,13,17,40,42
7,9,13,17,40,43
7,9,13,17,41,42
7,9,13,17,41,43
7,9,13,18,26,29
7,9,13,18,26,33
7,9,13,18,26,40
7,9,13,18,26,41
7,9,13,18,29,33
7,9,13,18,29,34
7,9,13,18,29,35
7,9,13,18,29,40
7,9,13,18,29,41
7,9,13,18,33,34
7,9,13,18,33,35
7,9,13,18,33,40
7,9,13,18,33,41
7,9,13,18,34,35
7,9,13,18,34,40
7,9,13,18,34,41
7,9,13,18,35,40
7,9,13,18,35,41
7,9,13,18,40,41
7,9,13,19,40,41
7,9,13,20,29,40
7,9,13,20,33,40
7,9,13,20,40,41
7,9,13,21,26,40
7,9,13,21,26,41
7,9,13,21,29,33
7,9,13,21,29,34
7,9,13,21,29,35
7,9,13,21,29,40
7,9,13,21,29,41
7,9,13,21,33,34
7,9,13,21,33,35
7,9,13,21,33,40
7,9,13,21,33,41
7,9,13,21,34,40
7,9,13,21,34,41
7,9,13,21,35,40
7,9,13,21,35,41
7,9,13,21,40,41
7,9,13,22,29,33
7,9,13,22,29,40
7,9,13,22,29,41
7,9,13,22,33,40
7,9,13,22,33,41
7,9,13,22,34,40
7,9,13,22,34,41
7,9,13,22,35,40
7,9,13,22,35,41
7,9,13,22,40,41
7,9,13,23,29,40
7,9,13,23,29,41
7,9,13,23,33,40
7,9,13,23,33,41
7,9,13,23,40,41
7,9,13,24,40,41
7,9,13,25,26,40
7,9,13,25,29,33
7,9,13,25,29,34
7,9,13,25,29,35
7,9,13,25,29,40
7,9,13,25,29,41
7,9,13,25,33,34
7,9,13,25,33,35
7,9,13,25,33,40
7,9,13,25,33,41
7,9,13,25,34,40
7,9,13,25,34,41
7,9,13,25,35,40
7,9,13,25,35,41
7,9,13,25,40,41
7,9,13,26,29,30
7,9,13,26,29,31
7,9,13,26,29,32
7,9,13,26,29,33
7,9,13,26,29,34
7,9,13,26,29,35
7,9,13,26,29,36
7,9,13,26,29,41
7,9,13,26,30,33
7,9,13,26,30,40
7,9,13,26,30,41
7,9,13,26,31,33
7,9,13,26,31,40
7,9,13,26,31,41
7,9,13,26,32,33
7,9,13,26,32,40
7,9,13,26,32,41
7,9,13,26,33,34
7,9,13,26,33,35
7,9,13,26,33,36
7,9,13,26,33,41
7,9,13,26,34,35
7,9,13,26,34,40
7,9,13,26,34,41
7,9,13,26,35,40
7,9,13,26,35,41
7,9,13,26,36,40
7,9,13,26,36,41
7,9,13,26,40,42
7,9,13,28,29,40
7,9,13,28,29,41
7,9,13,28,33,40
7,9,13,28,33,41
7,9,13,28,40,41
7,9,13,29,30,33
7,9,13,29,30,34
7,9,13,29,30,35
7,9,13,29,30,40
7,9,13,29,30,41
7,9,13,29,31,33
7,9,13,29,31,34
7,9,13,29,31,35
7,9,13,29,31,40
7,9,13,29,31,41
7,9,13,29,32,33
7,9,13,29,32,34
7,9,13,29,32,35
7,9,13,29,32,40
7,9,13,29,32,41
7,9,13,29,33,36
7,9,13,29,33,39
7,9,13,29,33,42
7,9,13,29,34,35
7,9,13,29,34,36
7,9,13,29,34,39
7,9,13,29,34,42
7,9,13,29,35,36
7,9,13,29,35,39
7,9,13,29,35,42
7,9,13,29,36,40
7,9,13,29,36,41
7,9,13,29,39,40
7,9,13,29,39,41
7,9,13,29,40,42
7,9,13,29,40,43
7,9,13,29,41,42
7,9,13,30,33,34
7,9,13,30,33,35
7,9,13,30,33,40
7,9,13,30,33,41
7,9,13,30,34,35
7,9,13,30,34,40
7,9,13,30,34,41
7,9,13,30,35,40
7,9,13,30,35,41
7,9,13,30,40,41
7,9,13,31,33,34
7,9,13,31,33,35
7,9,13,31,33,40
7,9,13,31,33,41
7,9,13,31,34,35
7,9,13,31,34,40
7,9,13,31,34,41
7,9,13,31,35,40
7,9,13,31,35,41
7,9,13,31,40,41
7,9,13,32,33,34
7,9,13,32,33,35
7,9,13,32,33,40
7,9,13,32,33,41
7,9,13,32,34,35
7,9,13,32,34,40
7,9,13,32,34,41
7,9,13,32,35,40
7,9,13,32,35,41
7,9,13,32,40,41
7,9,13,33,34,35
7,9,13,33,34,36
7,9,13,33,34,39
7,9,13,33,34,42
7,9,13,33,35,36
7,9,13,33,35,39
7,9,13,33,35,42
7,9,13,33,36,40
7,9,13,33,36,41
7,9,13,33,39,40
7,9,13,33,39,41
7,9,13,33,40,42
7,9,13,33,40,43
7,9,13,33,41,42
7,9,13,34,35,36
7,9,13,34,35,41
7,9,13,34,36,40
7,9,13,34,36,41
7,9,13,34,39,40
7,9,13,34,39,41
7,9,13,34,40,42
7,9,13,34,41,42
7,9,13,35,36,40
7,9,13,35,36,41
7,9,13,35,39,40
7,9,13,35,39,41
7,9,13,35,40,42
7,9,13,35,41,42
7,9,13,36,40,41
7,9,13,39,40,41
7,9,13,40,41,42
7,9,13,40,41,43
7,9,14,16,17,26
7,9,14,16,17,29
7,9,14,16,17,33
7,9,14,16,17,34
7,9,14,16,17,35
7,9,14,16,17,40
7,9,14,16,17,41
7,9,14,16,29,33
7,9,14,16,29,40
7,9,14,16,29,41
7,9,14,16,33,40
7,9,14,16,33,41
7,9,14,16,34,40
7,9,14,16,34,41
7,9,14,16,35,40
7,9,14,16,35,41
7,9,14,16,40,41
7,9,14,17,18,29
7,9,14,17,18,33
7,9,14,17,18,34
7,9,14,17,18,35
7,9,14,17,18,40
7,9,14,17,18,41
7,9,14,17,21,29
7,9,14,17,21,33
7,9,14,17,21,40
7,9,14,17,21,41
7,9,14,17,22,40
7,9,14,17,22,41
7,9,14,17,25,29
7,9,14,17,25,33
7,9,14,17,25,40
7,9,14,17,25,41
7,9,14,17,26,29
7,9,14,17,26,33
7,9,14,17,26,34
7,9,14,17,26,35
7,9,14,17,26,40
7,9,14,17,26,41
7,9,14,17,29,30
7,9,14,17,29,31
7,9,14,17,29,32
7,9,14,17,29,34
7,9,14,17,29,35
7,9,14,17,29,36
7,9,14,17,29,39
7,9,14,17,29,42
7,9,14,17,30,33
7,9,14,17,30,34
7,9,14,17,30,35
7,9,14,17,30,40
7,9,14,17,30,41
7,9,14,17,31,33
7,9,14,17,31,34
7,9,14,17,31,35
7,9,14,17,31,40
7,9,14,17,31,41
7,9,14,17,32,33
7,9,14,17,32,34
7,9,14,17,32,35
7,9,14,17,32,40
7,9,14,17,32,41
7,9,14,17,33,34
7,9,14,17,33,35
7,9,14,17,33,36
7,9,14,17,33,39
7,9,14,17,33,42
7,9,14,17,34,35
7,9,14,17,34,36
7,9,14,17,34,41
7,9,14,17,35,36
7,9,14,17,35,41
7,9,14,17,36,40
7,9,14,17,36,41
7,9,14,17,39,40
7,9,14,17,39,41
7,9,14,17,40,42
7,9,14,17,41,42
7,9,14,18,29,33
7,9,14,18,29,40
7,9,14,18,29,41
7,9,14,18,33,40
7,9,14,18,33,41
7,9,14,18,34,40
7,9,14,18,35,40
7,9,14,18,40,41
7,9,14,21,29,40
7,9,14,21,33,40
7,9,14,21,40,41
7,9,14,25,40,41
7,9,14,26,29,33
7,9,14,26,29,34
7,9,14,26,29,35
7,9,14,26,29,40
7,9,14,26,29,41
7,9,14,26,33,34
7,9,14,26,33,35
7,9,14,26,33,40
7,9,14,26,33,41
7,9,14,26,34,35
7,9,14,26,34,40
7,9,14,26,34,41
7,9,14,26,35,40
7,9,14,26,35,41
7,9,14,26,40,41
7,9,14,29,30,40
7,9,14,29,30,41
7,9,14,29,31,40
7,9,14,29,31,41
7,9,14,29,32,33
7,9,14,29,32,40
7,9,14,29,32,41
7,9,14,29,33,34
7,9,14,29,33,35
7,9,14,29,33,40
7,9,14,29,33,41
7,9,14,29,34,35
7,9,14,29,34,40
7,9,14,29,34,41
7,9,14,29,35,40
7,9,14,29,35,41
7,9,14,29,36,40
7,9,14,29,36,41
7,9,14,30,33,40
7,9,14,30,33,41
7,9,14,30,40,41
7,9,14,31,33,40
7,9,14,31,33,41
7,9,14,31,40,41
7,9,14,32,33,40
7,9,14,32,33,41
7,9,14,32,34,40
7,9,14,32,35,40
7,9,14,32,40,41
7,9,14,33,34,35
7,9,14,33,34,40
7,9,14,33,34,41
7,9,14,33,35,40
7,9,14,33,35,41
7,9,14,33,36,40
7,9,14,33,36,41
7,9,14,34,35,40
7,9,14,34,35,41
7,9,14,34,40,41
7,9,14,35,40,41
7,9,14,36,40,41
7,9,14,40,41,42
7,9,15,17,29,33
7,9,15,17,29,34
7,9,15,17,29,35
7,9,15,17,29,40
7,9,15,17,29,41
7,9,15,17,33,34
7,9,15,17,33,35
7,9,15,17,33,40
7,9,15,17,33,41
7,9,15,17,34,40
7,9,15,17,34,41
7,9,15,17,35,40
7,9,15,17,35,41
7,9,15,17,40,41
7,9,15,29,33,40
7,9,15,29,33,41
7,9,15,29,40,41
7,9,15,33,40,41
7,9,16,17,18,29
7,9,16,17,18,33
7,9,16,17,18,40
7,9,16,17,18,41
7,9,16,17,21,40
7,9,16,17,21,41
7,9,16,17,25,40
7,9,16,17,26,29
7,9,16,17,26,33
7,9,16,17,26,34
7,9,16,17,26,35
7,9,16,17,26,40
7,9,16,17,26,41
7,9,16,17,29,30
7,9,16,17,29,31
7,9,16,17,29,32
7,9,16,17,29,33
7,9,16,17,29,34
7,9,16,17,29,35
7,9,16,17,29,36
7,9,16,17,29,41
7,9,16,17,30,33
7,9,16,17,30,40
7,9,16,17,30,41
7,9,16,17,31,33
7,9,16,17,31,40
7,9,16,17,31,41
7,9,16,17,32,33
7,9,16,17,32,40
7,9,16,17,32,41
7,9,16,17,33,34
7,9,16,17,33,35
7,9,16,17,33,36
7,9,16,17,33,41
7,9,16,17,34,35
7,9,16,17,34,40
7,9,16,17,34,41
7,9,16,17,35,40
7,9,16,17,35,41
7,9,16,17,36,40
7,9,16,17,36,41
7,9,16,17,40,42
7,9,16,18,29,40
7,9,16,18,33,40
7,9,16,18,40,41
7,9,16,26,29,33
7,9,16,26,29,34
7,9,16,26,29,35
7,9,16,26,29,40
7,9,16,26,29,41
7,9,16,26,33,34
7,9,16,26,33,35
7,9,16,26,33,40
7,9,16,26,33,41
7,9,16,26,34,40
7,9,16,26,34,41
7,9,16,26,35,40
7,9,16,26,35,41
7,9,16,26,40,41
7,9,16,29,32,40
7,9,16,29,33,34
7,9,16,29,33,35
7,9,16,29,33,40
7,9,16,29,33,41
7,9,16,29,34,35
7,9,16,29,34,40
7,9,16,29,34,41
7,9,16,29,35,40
7,9,16,29,35,41
7,9,16,29,40,41
7,9,16,32,33,40
7,9,16,32,40,41
7,9,16,33,34,35
7,9,16,33,34,40
7,9,16,33,34,41
7,9,16,33,35,40
7,9,16,33,35,41
7,9,16,33,40,41
7,9,16,34,35,40
7,9,16,34,35,41
7,9,16,34,40,41
7,9,16,35,40,41
7,9,17,18,21,40
7,9,17,18,26,29
7,9,17,18,26,33
7,9,17,18,26,34
7,9,17,18,26,35
7,9,17,18,26,40
7,9,17,18,26,41
7,9,17,18,29,32
7,9,17,18,29,33
7,9,17,18,29,34
7,9,17,18,29,35
7,9,17,18,29,40
7,9,17,18,29,41
7,9,17,18,30,40
7,9,17,18,30,41
7,9,17,18,31,40
7,9,17,18,31,41
7,9,17,18,32,33
7,9,17,18,32,40
7,9,17,18,32,41
7,9,17,18,33,34
7,9,17,18,33,35
7,9,17,18,33,40
7,9,17,18,33,41
7,9,17,18,34,35
7,9,17,18,34,40
7,9,17,18,34,41
7,9,17,18,35,40
7,9,17,18,35,41
7,9,17,18,36,40
7,9,17,18,36,41
7,9,17,19,29,33
7,9,17,19,29,40
7,9,17,19,29,41
7,9,17,19,33,40
7,9,17,19,33,41
7,9,17,19,34,40
7,9,17,19,35,40
7,9,17,19,40,41
7,9,17,20,29,33
7,9,17,20,29,40
7,9,17,20,29,41
7,9,17,20,33,40
7,9,17,20,33,41
7,9,17,20,34,40
7,9,17,20,34,41
7,9,17,20,35,40
7,9,17,20,35,41
7,9,17,20,40,41
7,9,17,21,26,29
7,9,17,21,26,33
7,9,17,21,26,34
7,9,17,21,26,35
7,9,17,21,26,40
7,9,17,21,26,41
7,9,17,21,29,33
7,9,17,21,29,34
7,9,17,21,29,35
7,9,17,21,29,40
7,9,17,21,29,41
7,9,17,21,32,40
7,9,17,21,33,34
7,9,17,21,33,35
7,9,17,21,33,40
7,9,17,21,33,41
7,9,17,21,34,35
7,9,17,21,34,40
7,9,17,21,34,41
7,9,17,21,35,40
7,9,17,21,35,41
7,9,17,21,40,41
7,9,17,22,26,29
7,9,17,22,26,33
7,9,17,22,26,40
7,9,17,22,26,41
7,9,17,22,29,33
7,9,17,22,29,34
7,9,17,22,29,35
7,9,17,22,29,40
7,9,17,22,29,41
7,9,17,22,33,34
7,9,17,22,33,35
7,9,17,22,33,40
7,9,17,22,33,41
7,9,17,22,34,35
7,9,17,22,34,40
7,9,17,22,34,41
7,9,17,22,35,40
7,9,17,22,35,41
7,9,17,22,40,41
7,9,17,23,29,33
7,9,17,23,29,34
7,9,17,23,29,35
7,9,17,23,29,40
7,9,17,23,29,41
7,9,17,23,33,34
7,9,17,23,33,35
7,9,17,23,33,40
7,9,17,23,33,41
7,9,17,23,34,40
7,9,17,23,34,41
7,9,17,23,35,40
7,9,17,23,35,41
7,9,17,23,40,41
7,9,17,24,29,33
7,9,17,24,29,40
7,9,17,24,29,41
7,9,17,24,33,40
7,9,17,24,33,41
7,9,17,24,34,40
7,9,17,24,35,40
7,9,17,24,40,41
7,9,17,25,26,29
7,9,17,25,26,33
7,9,17,25,26,40
7,9,17,25,26,41
7,9,17,25,29,33
7,9,17,25,29,34
7,9,17,25,29,35
7,9,17,25,29,40
7,9,17,25,29,41
7,9,17,25,33,34
7,9,17,25,33,35
7,9,17,25,33,40
7,9,17,25,33,41
7,9,17,25,34,35
7,9,17,25,34,40
7,9,17,25,34,41
7,9,17,25,35,40
7,9,17,25,35,41
7,9,17,25,40,41
7,9,17,26,29,30
7,9,17,26,29,31
7,9,17,26,29,32
7,9,17,26,29,34
7,9,17,26,29,35
7,9,17,26,29,36
7,9,17,26,29,39
7,9,17,26,29,42
7,9,17,26,30,33
7,9,17,26,30,34
7,9,17,26,30,35
7,9,17,26,30,40
7,9,17,26,30,41
7,9,17,26,31,33
7,9,17,26,31,34
7,9,17,26,31,35
7,9,17,26,31,40
7,9,17,26,31,41
7,9,17,26,32,33
7,9,17,26,32,34
7,9,17,26,32,35
7,9,17,26,32,40
7,9,17,26,32,41
7,9,17,26,33,34
7,9,17,26,33,35
7,9,17,26,33,36
7,9,17,26,33,39
7,9,17,26,33,42
7,9,17,26,34,35
7,9,17,26,34,36
7,9,17,26,35,36
7,9,17,26,36,40
7,9,17,26,36,41
7,9,17,26,39,40
7,9,17,26,39,41
7,9,17,26,40,42
7,9,17,26,41,42
7,9,17,28,29,33
7,9,17,28,29,34
7,9,17,28,29,35
7,9,17,28,29,40
7,9,17,28,29,41
7,9,17,28,33,34
7,9,17,28,33,35
7,9,17,28,33,40
7,9,17,28,33,41
7,9,17,28,34,40
7,9,17,28,34,41
7,9,17,28,35,40
7,9,17,28,35,41
7,9,17,28,40,41
7,9,17,29,30,33
7,9,17,29,30,34
7,9,17,29,30,35
7,9,17,29,30,40
7,9,17,29,30,41
7,9,17,29,31,33
7,9,17,29,31,34
7,9,17,29,31,35
7,9,17,29,31,40
7,9,17,29,31,41
7,9,17,29,32,33
7,9,17,29,32,34
7,9,17,29,32,35
7,9,17,29,32,40
7,9,17,29,32,41
7,9,17,29,33,36
7,9,17,29,33,39
7,9,17,29,33,42
7,9,17,29,33,43
7,9,17,29,34,36
7,9,17,29,34,39
7,9,17,29,34,42
7,9,17,29,35,36
7,9,17,29,35,39
7,9,17,29,35,42
7,9,17,29,36,40
7,9,17,29,36,41
7,9,17,29,39,40
7,9,17,29,39,41
7,9,17,29,40,42
7,9,17,29,40,43
7,9,17,29,41,42
7,9,17,29,41,43
7,9,17,30,32,40
7,9,17,30,32,41
7,9,17,30,33,34
7,9,17,30,33,35
7,9,17,30,33,40
7,9,17,30,33,41
7,9,17,30,34,35
7,9,17,30,34,40
7,9,17,30,34,41
7,9,17,30,35,40
7,9,17,30,35,41
7,9,17,30,40,41
7,9,17,31,32,40
7,9,17,31,32,41
7,9,17,31,33,34
7,9,17,31,33,35
7,9,17,31,33,40
7,9,17,31,33,41
7,9,17,31,34,35
7,9,17,31,34,40
7,9,17,31,34,41
7,9,17,31,35,40
7,9,17,31,35,41
7,9,17,31,40,41
7,9,17,32,33,34
7,9,17,32,33,35
7,9,17,32,33,40
7,9,17,32,33,41
7,9,17,32,34,35
7,9,17,32,34,40
7,9,17,32,34,41
7,9,17,32,35,40
7,9,17,32,35,41
7,9,17,32,36,40
7,9,17,32,36,41
7,9,17,33,34,36
7,9,17,33,34,39
7,9,17,33,34,42
7,9,17,33,35,36
7,9,17,33,35,39
7,9,17,33,35,42
7,9,17,33,36,40
7,9,17,33,36,41
7,9,17,33,39,40
7,9,17,33,39,41
7,9,17,33,40,42
7,9,17,33,40,43
7,9,17,33,41,42
7,9,17,33,41,43
7,9,17,34,35,36
7,9,17,34,35,39
7,9,17,34,35,42
7,9,17,34,36,40
7,9,17,34,36,41
7,9,17,34,39,40
7,9,17,34,39,41
7,9,17,34,40,42
7,9,17,34,40,43
7,9,17,34,41,42
7,9,17,34,41,43
7,9,17,35,36,40
7,9,17,35,36,41
7,9,17,35,39,40
7,9,17,35,39,41
7,9,17,35,40,42
7,9,17,35,40,43
7,9,17,35,41,42
7,9,17,35,41,43
7,9,17,36,40,41
7,9,17,39,40,41
7,9,17,40,41,42
7,9,17,40,41,43
7,9,18,26,29,33
7,9,18,26,29,40
7,9,18,26,29,41
7,9,18,26,33,40
7,9,18,26,33,41
7,9,18,26,34,40
7,9,18,26,34,41
7,9,18,26,35,40
7,9,18,26,35,41
7,9,18,26,40,41
7,9,18,29,33,34
7,9,18,29,33,35
7,9,18,29,33,40
7,9,18,29,33,41
7,9,18,29,34,35
7,9,18,29,34,40
7,9,18,29,34,41
7,9,18,29,35,40
7,9,18,29,35,41
7,9,18,29,40,41
7,9,18,32,40,41
7,9,18,33,34,35
7,9,18,33,34,40
7,9,18,33,34,41
7,9,18,33,35,40
7,9,18,33,35,41
7,9,18,33,40,41
7,9,18,34,35,40
7,9,18,34,35,41
7,9,18,34,40,41
7,9,18,35,40,41
7,9,19,29,40,41
7,9,19,33,40,41
7,9,20,29,33,40
7,9,20,29,40,41
7,9,20,33,40,41
7,9,21,26,29,40
7,9,21,26,29,41
7,9,21,26,33,40
7,9,21,26,33,41
7,9,21,26,40,41
7,9,21,29,33,34
7,9,21,29,33,35
7,9,21,29,33,40
7,9,21,29,33,41
7,9,21,29,34,40
7,9,21,29,34,41
7,9,21,29,35,40
7,9,21,29,35,41
7,9,21,29,40,41
7,9,21,33,34,40
7,9,21,33,34,41
7,9,21,33,35,40
7,9,21,33,35,41
7,9,21,33,40,41
7,9,21,34,35,40
7,9,21,34,35,41
7,9,21,34,40,41
7,9,21,35,40,41
7,9,22,29,33,40
7,9,22,29,33,41
7,9,22,29,34,40
7,9,22,29,34,41
7,9,22,29,35,40
7,9,22,29,35,41
7,9,22,29,40,41
7,9,22,33,34,40
7,9,22,33,34,41
7,9,22,33,35,40
7,9,22,33,35,41
7,9,22,33,40,41
7,9,22,34,40,41
7,9,22,35,40,41
7,9,23,29,33,40
7,9,23,29,33,41
7,9,23,29,40,41
7,9,23,33,40,41
7,9,24,29,40,41
7,9,24,33,40,41
7,9,25,26,29,40
7,9,25,26,33,40
7,9,25,26,40,41
7,9,25,29,33,34
7,9,25,29,33,35
7,9,25,29,33,40
7,9,25,29,33,41
7,9,25,29,34,40
7,9,25,29,34,41
7,9,25,29,35,40
7,9,25,29,35,41
7,9,25,29,40,41
7,9,25,33,34,40
7,9,25,33,34,41
7,9,25,33,35,40
7,9,25,33,35,41
7,9,25,33,40,41
7,9,25,34,35,40
7,9,25,34,40,41
7,9,25,35,40,41
7,9,26,29,30,33
7,9,26,29,30,40
7,9,26,29,30,41
7,9,26,29,31,33
7,9,26,29,31,40
7,9,26,29,31,41
7,9,26,29,32,33
7,9,26,29,32,40
7,9,26,29,32,41
7,9,26,29,33,34
7,9,26,29,33,35
7,9,26,29,33,36
7,9,26,29,33,41
7,9,26,29,34,35
7,9,26,29,34,40
7,9,26,29,34,41
7,9,26,29,35,40
7,9,26,29,35,41
7,9,26,29,36,40
7,9,26,29,36,41
7,9,26,29,40,42
7,9,26,30,33,40
7,9,26,30,33,41
7,9,26,30,40,41
7,9,26,31,33,40
7,9,26,31,33,41
7,9,26,31,40,41
7,9,26,32,33,40
7,9,26,32,33,41
7,9,26,32,34,40
7,9,26,32,34,41
7,9,26,32,35,40
7,9,26,32,35,41
7,9,26,32,40,41
7,9,26,33,34,35
7,9,26,33,34,40
7,9,26,33,34,41
7,9,26,33,35,40
7,9,26,33,35,41
7,9,26,33,36,40
7,9,26,33,36,41
7,9,26,33,40,42
7,9,26,34,35,40
7,9,26,34,35,41
7,9,26,34,40,41
7,9,26,35,40,41
7,9,26,36,40,41
7,9,26,39,40,41
7,9,26,40,41,42
7,9,28,29,33,40
7,9,28,29,33,41
7,9,28,29,40,41
7,9,28,33,40,41
7,9,29,30,33,34
7,9,29,30,33,35
7,9,29,30,33,40
7,9,29,30,33,41
7,9,29,30,34,35
7,9,29,30,34,40
7,9,29,30,34,41
7,9,29,30,35,40
7,9,29,30,35,41
7,9,29,30,40,41
7,9,29,31,33,34
7,9,29,31,33,35
7,9,29,31,33,40
7,9,29,31,33,41
7,9,29,31,34,35
7,9,29,31,34,40
7,9,29,31,34,41
7,9,29,31,35,40
7,9,29,31,35,41
7,9,29,31,40,41
7,9,29,32,33,34
7,9,29,32,33,35
7,9,29,32,33,40
7,9,29,32,33,41
7,9,29,32,34,35
7,9,29,32,34,40
7,9,29,32,34,41
7,9,29,32,35,40
7,9,29,32,35,41
7,9,29,32,40,41
7,9,29,33,34,35
7,9,29,33,34,36
7,9,29,33,34,39
7,9,29,33,34,42
7,9,29,33,35,36
7,9,29,33,35,39
7,9,29,33,35,42
7,9,29,33,36,40
7,9,29,33,36,41
7,9,29,33,39,40
7,9,29,33,39,41
7,9,29,33,40,42
7,9,29,33,40,43
7,9,29,33,41,42
7,9,29,34,35,36
7,9,29,34,35,41
7,9,29,34,36,40
7,9,29,34,36,41
7,9,29,34,39,40
7,9,29,34,39,41
7,9,29,34,40,42
7,9,29,34,41,42
7,9,29,35,36,40
7,9,29,35,36,41
7,9,29,35,39,40
7,9,29,35,39,41
7,9,29,35,40,42
7,9,29,35,41,42
7,9,29,36,40,41
7,9,29,39,40,41
7,9,29,40,41,42
7,9,29,40,41,43
7,9,30,33,34,35
7,9,30,33,34,40
7,9,30,33,34,41
7,9,30,33,35,40
7,9,30,33,35,41
7,9,30,33,40,41
7,9,30,34,35,40
7,9,30,34,35,41
7,9,30,34,40,41
7,9,30,35,40,41
7,9,31,33,34,35
7,9,31,33,34,40
7,9,31,33,34,41
7,9,31,33,35,40
7,9,31,33,35,41
7,9,31,33,40,41
7,9,31,34,35,40
7,9,31,34,35,41
7,9,31,34,40,41
7,9,31,35,40,41
7,9,32,33,34,35
7,9,32,33,34,40
7,9,32,33,34,41
7,9,32,33,35,40
7,9,32,33,35,41
7,9,32,33,40,41
7,9,32,34,35,40
7,9,32,34,35,41
7,9,32,34,40,41
7,9,32,35,40,41
7,9,33,34,35,36
7,9,33,34,35,41
7,9,33,34,36,40
7,9,33,34,36,41
7,9,33,34,39,40
7,9,33,34,39,41
7,9,33,34,40,42
7,9,33,34,41,42
7,9,33,35,36,40
7,9,33,35,36,41
7,9,33,35,39,40
7,9,33,35,39,41
7,9,33,35,40,42
7,9,33,35,41,42
7,9,33,36,40,41
7,9,33,39,40,41
7,9,33,40,41,42
7,9,33,40,41,43
7,9,34,35,36,40
7,9,34,35,36,41
7,9,34,35,40,42
7,9,34,36,40,41
7,9,34,39,40,41
7,9,34,40,41,42
7,9,35,36,40,41
7,9,35,39,40,41
7,9,35,40,41,42
7,11,13,14,17,40
7,11,13,14,17,41
7,11,13,17,26,29
7,11,13,17,26,33
7,11,13,17,26,40
7,11,13,17,26,41
7,11,13,17,29,33
7,11,13,17,29,34
7,11,13,17,29,35
7,11,13,17,29,40
7,11,13,17,29,41
7,11,13,17,33,34
7,11,13,17,33,35
7,11,13,17,33,40
7,11,13,17,33,41
7,11,13,17,34,35
7,11,13,17,34,40
7,11,13,17,34,41
7,11,13,17,35,40
7,11,13,17,35,41
7,11,13,17,40,41
7,11,13,29,33,40
7,11,13,29,33,41
7,11,13,29,34,40
7,11,13,29,34,41
7,11,13,29,35,40
7,11,13,29,35,41
7,11,13,29,40,41
7,11,13,33,34,40
7,11,13,33,34,41
7,11,13,33,35,40
7,11,13,33,35,41
7,11,13,33,40,41
7,11,13,34,40,41
7,11,13,35,40,41
7,11,14,17,29,40
7,11,14,17,29,41
7,11,14,17,33,40
7,11,14,17,33,41
7,11,14,17,40,41
7,11,17,26,29,33
7,11,17,26,29,40
7,11,17,26,29,41
7,11,17,26,33,40
7,11,17,26,33,41
7,11,17,26,40,41
7,11,17,29,33,34
7,11,17,29,33,35
7,11,17,29,33,40
7,11,17,29,33,41
7,11,17,29,34,35
7,11,17,29,34,40
7,11,17,29,34,41
7,11,17,29,35,40
7,11,17,29,35,41
7,11,17,29,40,41
7,11,17,33,34,35
7,11,17,33,34,40
7,11,17,33,34,41
7,11,17,33,35,40
7,11,17,33,35,41
7,11,17,33,40,41
7,11,17,34,35,40
7,11,17,34,35,41
7,11,17,34,40,41
7,11,17,35,40,41
7,11,29,33,34,40
7,11,29,33,34,41
7,11,29,33,35,40
7,11,29,33,35,41
7,11,29,33,40,41
7,11,29,34,40,41
7,11,29,35,40,41
7,11,33,34,40,41
7,11,33,35,40,41
7,13,14,16,17,40
7,13,14,17,26,29
7,13,14,17,26,33
7,13,14,17,26,40
7,13,14,17,26,41
7,13,14,17,29,33
7,13,14,17,29,34
7,13,14,17,29,35
7,13,14,17,29,40
7,13,14,17,29,41
7,13,14,17,33,34
7,13,14,17,33,35
7,13,14,17,33,40
7,13,14,17,33,41
7,13,14,17,34,35
7,13,14,17,34,40
7,13,14,17,34,41
7,13,14,17,35,40
7,13,14,17,35,41
7,13,14,17,40,41
7,13,14,26,29,40
7,13,14,26,33,40
7,13,14,26,40,41
7,13,14,29,33,34
7,13,14,29,33,35
7,13,14,29,33,40
7,13,14,29,33,41
7,13,14,29,34,40
7,13,14,29,34,41
7,13,14,29,35,40
7,13,14,29,35,41
7,13,14,29,40,41
7,13,14,33,34,40
7,13,14,33,34,41
7,13,14,33,35,40
7,13,14,33,35,41
7,13,14,33,40,41
7,13,14,34,35,40
7,13,14,34,40,41
7,13,14,35,40,41
7,13,16,17,26,40
7,13,16,17,26,41
7,13,16,17,29,33
7,13,16,17,29,34
7,13,16,17,29,35
7,13,16,17,29,40
7,13,16,17,29,41
7,13,16,17,33,34
7,13,16,17,33,35
7,13,16,17,33,40
7,13,16,17,33,41
7,13,16,17,34,40
7,13,16,17,34,41
7,13,16,17,35,40
7,13,16,17,35,41
7,13,16,17,40,41
7,13,16,29,33,40
7,13,16,29,33,41
7,13,16,29,34,40
7,13,16,29,35,40
7,13,16,29,40,41
7,13,16,33,34,40
7,13,16,33,35,40
7,13,16,33,40,41
7,13,16,34,40,41
7,13,16,35,40,41
7,13,17,18,26,40
7,13,17,18,29,33
7,13,17,18,29,34
7,13,17,18,29,35
7,13,17,18,29,40
7,13,17,18,29,41
7,13,17,18,33,34
7,13,17,18,33,35
7,13,17,18,33,40
7,13,17,18,33,41
7,13,17,18,34,40
7,13,17,18,34,41
7,13,17,18,35,40
7,13,17,18,35,41
7,13,17,18,40,41
7,13,17,21,29,33
7,13,17,21,29,40
7,13,17,21,29,41
7,13,17,21,33,40
7,13,17,21,33,41
7,13,17,21,34,40
7,13,17,21,35,40
7,13,17,21,40,41
7,13,17,22,29,40
7,13,17,22,33,40
7,13,17,22,40,41
7,13,17,25,29,33
7,13,17,25,29,40
7,13,17,25,29,41
7,13,17,25,33,40
7,13,17,25,33,41
7,13,17,25,40,41
7,13,17,26,29,33
7,13,17,26,29,34
7,13,17,26,29,35
7,13,17,26,29,40
7,13,17,26,29,41
7,13,17,26,32,40
7,13,17,26,33,34
7,13,17,26,33,35
7,13,17,26,33,40
7,13,17,26,33,41
7,13,17,26,34,35
7,13,17,26,34,40
7,13,17,26,34,41
7,13,17,26,35,40
7,13,17,26,35,41
7,13,17,26,40,41
7,13,17,29,30,33
7,13,17,29,30,40
7,13,17,29,30,41
7,13,17,29,31,33
7,13,17,29,31,40
7,13,17,29,31,41
7,13,17,29,32,33
7,13,17,29,32,34
7,13,17,29,32,35
7,13,17,29,32,40
7,13,17,29,32,41
7,13,17,29,33,34
7,13,17,29,33,35
7,13,17,29,33,36
7,13,17,29,33,42
7,13,17,29,34,35
7,13,17,29,34,40
7,13,17,29,34,41
7,13,17,29,35,40
7,13,17,29,35,41
7,13,17,29,36,40
7,13,17,29,36,41
7,13,17,29,39,40
7,13,17,29,39,41
7,13,17,29,40,42
7,13,17,29,41,42
7,13,17,30,33,40
7,13,17,30,33,41
7,13,17,30,34,40
7,13,17,30,34,41
7,13,17,30,35,40
7,13,17,30,35,41
7,13,17,30,40,41
7,13,17,31,33,40
7,13,17,31,33,41
7,13,17,31,34,40
7,13,17,31,34,41
7,13,17,31,35,40
7,13,17,31,35,41
7,13,17,31,40,41
7,13,17,32,33,34
7,13,17,32,33,35
7,13,17,32,33,40
7,13,17,32,33,41
7,13,17,32,34,40
7,13,17,32,34,41
7,13,17,32,35,40
7,13,17,32,35,41
7,13,17,32,40,41
7,13,17,33,34,35
7,13,17,33,34,40
7,13,17,33,34,41
7,13,17,33,35,40
7,13,17,33,35,41
7,13,17,33,36,40
7,13,17,33,36,41
7,13,17,33,39,40
7,13,17,33,39,41
7,13,17,33,40,42
7,13,17,33,41,42
7,13,17,34,35,40
7,13,17,34,35,41
7,13,17,34,36,40
7,13,17,34,36,41
7,13,17,35,36,40
7,13,17,35,36,41
7,13,17,36,40,41
7,13,17,39,40,41
7,13,17,40,41,42
7,13,18,29,33,40
7,13,18,29,33,41
7,13,18,29,40,41
7,13,18,33,40,41
7,13,18,34,40,41
7,13,18,35,40,41
7,13,21,29,40,41
7,13,21,33,40,41
7,13,26,29,33,34
7,13,26,29,33,35
7,13,26,29,33,40
7,13,26,29,33,41
7,13,26,29,34,40
7,13,26,29,34,41
7,13,26,29,35,40
7,13,26,29,35,41
7,13,26,29,40,41
7,13,26,33,34,40
7,13,26,33,34,41
7,13,26,33,35,40
7,13,26,33,35,41
7,13,26,33,40,41
7,13,26,34,35,40
7,13,26,34,35,41
7,13,26,34,40,41
7,13,26,35,40,41
7,13,29,30,33,40
7,13,29,30,40,41
7,13,29,31,33,40
7,13,29,31,40,41
7,13,29,32,33,40
7,13,29,32,33,41
7,13,29,32,40,41
7,13,29,33,34,35
7,13,29,33,34,40
7,13,29,33,34,41
7,13,29,33,35,40
7,13,29,33,35,41
7,13,29,33,36,40
7,13,29,33,40,41
7,13,29,34,35,40
7,13,29,34,35,41
7,13,29,34,40,41
7,13,29,35,40,41
7,13,29,36,40,41
7,13,30,33,40,41
7,13,31,33,40,41
7,13,32,33,40,41
7,13,32,34,40,41
7,13,32,35,40,41
7,13,33,34,35,40
7,13,33,34,35,41
7,13,33,34,40,41
7,13,33,35,40,41
7,13,33,36,40,41
7,13,34,35,40,41
7,14,16,17,29,40
7,14,16,17,33,40
7,14,16,17,40,41
7,14,17,18,40,41
7,14,17,26,29,33
7,14,17,26,29,40
7,14,17,26,29,41
7,14,17,26,33,40
7,14,17,26,33,41
7,14,17,26,34,40
7,14,17,26,34,41
7,14,17,26,35,40
7,14,17,26,35,41
7,14,17,26,40,41
7,14,17,29,33,34
7,14,17,29,33,35
7,14,17,29,33,40
7,14,17,29,33,41
7,14,17,29,34,35
7,14,17,29,34,40
7,14,17,29,34,41
7,14,17,29,35,40
7,14,17,29,35,41
7,14,17,29,40,41
7,14,17,32,40,41
7,14,17,33,34,35
7,14,17,33,34,40
7,14,17,33,34,41
7,14,17,33,35,40
7,14,17,33,35,41
7,14,17,33,40,41
7,14,17,34,35,40
7,14,17,34,35,41
7,14,17,34,40,41
7,14,17,35,40,41
7,14,26,29,33,40
7,14,26,29,40,41
7,14,26,33,40,41
7,14,29,33,34,40
7,14,29,33,34,41
7,14,29,33,35,40
7,14,29,33,35,41
7,14,29,33,40,41
7,14,29,34,35,40
7,14,29,34,40,41
7,14,29,35,40,41
7,14,33,34,35,40
7,14,33,34,40,41
7,14,33,35,40,41
7,14,34,35,40,41
7,16,17,26,29,40
7,16,17,26,29,41
7,16,17,26,33,40
7,16,17,26,33,41
7,16,17,26,40,41
7,16,17,29,33,34
7,16,17,29,33,35
7,16,17,29,33,40
7,16,17,29,33,41
7,16,17,29,34,40
7,16,17,29,34,41
7,16,17,29,35,40
7,16,17,29,35,41
7,16,17,29,40,41
7,16,17,33,34,40
7,16,17,33,34,41
7,16,17,33,35,40
7,16,17,33,35,41
7,16,17,33,40,41
7,16,17,34,35,40
7,16,17,34,35,41
7,16,17,34,40,41
7,16,17,35,40,41
7,16,29,33,34,40
7,16,29,33,35,40
7,16,29,33,40,41
7,16,29,34,40,41
7,16,29,35,40,41
7,16,33,34,40,41
7,16,33,35,40,41
7,17,18,26,29,40
7,17,18,26,33,40
7,17,18,26,40,41
7,17,18,29,33,34
7,17,18,29,33,35
7,17,18,29,33,40
7,17,18,29,33,41
7,17,18,29,34,40
7,17,18,29,34,41
7,17,18,29,35,40
7,17,18,29,35,41
7,17,18,29,40,41
7,17,18,33,34,40
7,17,18,33,34,41
7,17,18,33,35,40
7,17,18,33,35,41
7,17,18,33,40,41
7,17,18,34,35,40
7,17,18,34,40,41
7,17,18,35,40,41
7,17,21,29,33,40
7,17,21,29,33,41
7,17,21,29,34,40
7,17,21,29,35,40
7,17,21,29,40,41
7,17,21,33,34,40
7,17,21,33,35,40
7,17,21,33,40,41
7,17,21,34,40,41
7,17,21,35,40,41
7,17,22,29,33,40
7,17,22,29,40,41
7,17,22,33,40,41
7,17,25,29,33,40
7,17,25,29,33,41
7,17,25,29,40,41
7,17,25,33,40,41
7,17,25,34,40,41
7,17,25,35,40,41
7,17,26,29,32,40
7,17,26,29,33,34
7,17,26,29,33,35
7,17,26,29,33,40
7,17,26,29,33,41
7,17,26,29,34,35
7,17,26,29,34,40
7,17,26,29,34,41
7,17,26,29,35,40
7,17,26,29,35,41
7,17,26,29,40,41
7,17,26,32,33,40
7,17,26,32,40,41
7,17,26,33,34,35
7,17,26,33,34,40
7,17,26,33,34,41
7,17,26,33,35,40
7,17,26,33,35,41
7,17,26,33,40,41
7,17,26,34,35,40
7,17,26,34,35,41
7,17,26,34,40,41
7,17,26,35,40,41
7,17,29,30,33,40
7,17,29,30,33,41
7,17,29,30,34,40
7,17,29,30,34,41
7,17,29,30,35,40
7,17,29,30,35,41
7,17,29,30,40,41
7,17,29,31,33,40
7,17,29,31,33,41
7,17,29,31,34,40
7,17,29,31,34,41
7,17,29,31,35,40
7,17,29,31,35,41
7,17,29,31,40,41
7,17,29,32,33,34
7,17,29,32,33,35
7,17,29,32,33,40
7,17,29,32,33,41
7,17,29,32,34,40
7,17,29,32,34,41
7,17,29,32,35,40
7,17,29,32,35,41
7,17,29,32,40,41
7,17,29,33,34,35
7,17,29,33,34,40
7,17,29,33,34,41
7,17,29,33,35,40
7,17,29,33,35,41
7,17,29,33,36,40
7,17,29,33,36,41
7,17,29,33,39,40
7,17,29,33,39,41
7,17,29,33,40,42
7,17,29,33,41,42
7,17,29,34,35,40
7,17,29,34,35,41
7,17,29,34,36,40
7,17,29,34,36,41
7,17,29,35,36,40
7,17,29,35,36,41
7,17,29,36,40,41
7,17,29,39,40,41
7,17,29,40,41,42
7,17,30,33,34,40
7,17,30,33,34,41
7,17,30,33,35,40
7,17,30,33,35,41
7,17,30,33,40,41
7,17,30,34,40,41
7,17,30,35,40,41
7,17,31,33,34,40
7,17,31,33,34,41
7,17,31,33,35,40
7,17,31,33,35,41
7,17,31,33,40,41
7,17,31,34,40,41
7,17,31,35,40,41
7,17,32,33,34,40
7,17,32,33,34,41
7,17,32,33,35,40
7,17,32,33,35,41
7,17,32,33,40,41
7,17,32,34,35,40
7,17,32,34,40,41
7,17,32,35,40,41
7,17,33,34,35,40
7,17,33,34,35,41
7,17,33,34,36,40
7,17,33,34,36,41
7,17,33,35,36,40
7,17,33,35,36,41
7,17,33,36,40,41
7,17,33,39,40,41
7,17,33,40,41,42
7,17,34,35,40,41
7,17,34,36,40,41
7,17,34,40,41,42
7,17,35,36,40,41
7,17,35,40,41,42
7,18,29,33,40,41
7,18,29,34,40,41
7,18,29,35,40,41
7,18,33,34,40,41
7,18,33,35,40,41
7,21,29,33,40,41
7,26,29,33,34,40
7,26,29,33,34,41
7,26,29,33,35,40
7,26,29,33,35,41
7,26,29,33,40,41
7,26,29,34,35,40
7,26,29,34,35,41
7,26,29,34,40,41
7,26,29,35,40,41
7,26,33,34,35,40
7,26,33,34,35,41
7,26,33,34,40,41
7,26,33,35,40,41
7,26,34,35,40,41
7,29,30,33,40,41
7,29,31,33,40,41
7,29,32,33,40,41
7,29,32,34,40,41
7,29,32,35,40,41
7,29,33,34,35,40
7,29,33,34,35,41
7,29,33,34,40,41
7,29,33,35,40,41
7,29,33,36,40,41
7,29,34,35,40,41
7,32,33,34,40,41
7,32,33,35,40,41
7,33,34,35,40,41
8,9,13,17,40,41
8,9,17,29,40,41
8,9,17,33,40,41
9,11,13,14,17,29
9,11,13,14,17,33
9,11,13,14,17,40
9,11,13,14,17,41
9,11,13,14,29,40
9,11,13,14,33,40
9,11,13,14,40,41
9,11,13,16,17,40
9,11,13,16,17,41
9,11,13,17,18,40
9,11,13,17,26,29
9,11,13,17,26,33
9,11,13,17,26,34
9,11,13,17,26,35
9,11,13,17,26,40
9,11,13,17,26,41
9,11,13,17,29,33
9,11,13,17,29,34
9,11,13,17,29,35
9,11,13,17,29,40
9,11,13,17,29,41
9,11,13,17,32,40
9,11,13,17,33,34
9,11,13,17,33,35
9,11,13,17,33,40
9,11,13,17,33,41
9,11,13,17,34,35
9,11,13,17,34,40
9,11,13,17,34,41
9,11,13,17,35,40
9,11,13,17,35,41
9,11,13,17,40,41
9,11,13,26,29,40
9,11,13,26,29,41
9,11,13,26,33,40
9,11,13,26,33,41
9,11,13,26,40,41
9,11,13,29,33,34
9,11,13,29,33,35
9,11,13,29,33,40
9,11,13,29,33,41
9,11,13,29,34,40
9,11,13,29,34,41
9,11,13,29,35,40
9,11,13,29,35,41
9,11,13,29,40,41
9,11,13,33,34,40
9,11,13,33,34,41
9,11,13,33,35,40
9,11,13,33,35,41
9,11,13,33,40,41
9,11,13,34,35,40
9,11,13,34,35,41
9,11,13,34,40,41
9,11,13,35,40,41
9,11,14,17,29,33
9,11,14,17,29,40
9,11,14,17,29,41
9,11,14,17,33,40
9,11,14,17,33,41
9,11,14,17,34,40
9,11,14,17,34,41
9,11,14,17,35,40
9,11,14,17,35,41
9,11,14,17,40,41
9,11,14,29,33,40
9,11,14,29,40,41
9,11,14,33,40,41
9,11,16,17,29,40
9,11,16,17,29,41
9,11,16,17,33,40
9,11,16,17,33,41
9,11,16,17,40,41
9,11,17,18,29,40
9,11,17,18,33,40
9,11,17,18,40,41
9,11,17,26,29,33
9,11,17,26,29,34
9,11,17,26,29,35
9,11,17,26,29,40
9,11,17,26,29,41
9,11,17,26,33,34
9,11,17,26,33,35
9,11,17,26,33,40
9,11,17,26,33,41
9,11,17,26,34,40
9,11,17,26,34,41
9,11,17,26,35,40
9,11,17,26,35,41
9,11,17,26,40,41
9,11,17,29,32,40
9,11,17,29,33,34
9,11,17,29,33,35
9,11,17,29,33,40
9,11,17,29,33,41
9,11,17,29,34,35
9,11,17,29,34,40
9,11,17,29,34,41
9,11,17,29,35,40
9,11,17,29,35,41
9,11,17,29,40,41
9,11,17,32,33,40
9,11,17,32,40,41
9,11,17,33,34,35
9,11,17,33,34,40
9,11,17,33,34,41
9,11,17,33,35,40
9,11,17,33,35,41
9,11,17,33,40,41
9,11,17,34,35,40
9,11,17,34,35,41
9,11,17,34,40,41
9,11,17,35,40,41
9,11,26,29,33,40
9,11,26,29,33,41
9,11,26,29,40,41
9,11,26,33,40,41
9,11,29,33,34,40
9,11,29,33,34,41
9,11,29,33,35,40
9,11,29,33,35,41
9,11,29,33,40,41
9,11,29,34,35,40
9,11,29,34,35,41
9,11,29,34,40,41
9,11,29,35,40,41
9,11,33,34,35,40
9,11,33,34,35,41
9,11,33,34,40,41
9,11,33,35,40,41
9,11,34,35,40,41
9,13,14,16,17,29
9,13,14,16,17,33
9,13,14,16,17,40
9,13,14,16,17,41
9,13,14,16,40,41
9,13,14,17,18,29
9,13,14,17,18,33
9,13,14,17,18,40
9,13,14,17,18,41
9,13,14,17,26,29
9,13,14,17,26,33
9,13,14,17,26,34
9,13,14,17,26,35
9,13,14,17,26,40
9,13,14,17,26,41
9,13,14,17,29,32
9,13,14,17,29,33
9,13,14,17,29,34
9,13,14,17,29,35
9,13,14,17,29,40
9,13,14,17,29,41
9,13,14,17,30,40
9,13,14,17,31,40
9,13,14,17,32,33
9,13,14,17,32,40
9,13,14,17,32,41
9,13,14,17,33,34
9,13,14,17,33,35
9,13,14,17,33,40
9,13,14,17,33,41
9,13,14,17,34,35
9,13,14,17,34,40
9,13,14,17,34,41
9,13,14,17,35,40
9,13,14,17,35,41
9,13,14,17,36,40
9,13,14,17,40,41
9,13,14,26,29,33
9,13,14,26,29,40
9,13,14,26,29,41
9,13,14,26,33,40
9,13,14,26,33,41
9,13,14,26,34,40
9,13,14,26,35,40
9,13,14,26,40,41
9,13,14,29,33,34
9,13,14,29,33,35
9,13,14,29,33,40
9,13,14,29,33,41
9,13,14,29,34,35
9,13,14,29,34,40
9,13,14,29,34,41
9,13,14,29,35,40
9,13,14,29,35,41
9,13,14,29,40,41
9,13,14,33,34,35
9,13,14,33,34,40
9,13,14,33,34,41
9,13,14,33,35,40
9,13,14,33,35,41
9,13,14,33,40,41
9,13,14,34,35,40
9,13,14,34,35,41
9,13,14,34,40,41
9,13,14,35,40,41
9,13,15,17,29,40
9,13,15,17,33,40
9,13,15,17,40,41
9,13,16,17,26,29
9,13,16,17,26,33
9,13,16,17,26,40
9,13,16,17,26,41
9,13,16,17,29,33
9,13,16,17,29,34
9,13,16,17,29,35
9,13,16,17,29,40
9,13,16,17,29,41
9,13,16,17,33,34
9,13,16,17,33,35
9,13,16,17,33,40
9,13,16,17,33,41
9,13,16,17,34,35
9,13,16,17,34,40
9,13,16,17,34,41
9,13,16,17,35,40
9,13,16,17,35,41
9,13,16,17,40,41
9,13,16,26,29,40
9,13,16,26,33,40
9,13,16,26,40,41
9,13,16,29,33,34
9,13,16,29,33,35
9,13,16,29,33,40
9,13,16,29,33,41
9,13,16,29,34,40
9,13,16,29,34,41
9,13,16,29,35,40
9,13,16,29,35,41
9,13,16,29,40,41
9,13,16,33,34,40
9,13,16,33,34,41
9,13,16,33,35,40
9,13,16,33,35,41
9,13,16,33,40,41
9,13,16,34,35,40
9,13,16,34,40,41
9,13,16,35,40,41
9,13,17,18,26,29
9,13,17,18,26,33
9,13,17,18,26,40
9,13,17,18,26,41
9,13,17,18,29,33
9,13,17,18,29,34
9,13,17,18,29,35
9,13,17,18,29,40
9,13,17,18,29,41
9,13,17,18,33,34
9,13,17,18,33,35
9,13,17,18,33,40
9,13,17,18,33,41
9,13,17,18,34,35
9,13,17,18,34,40
9,13,17,18,34,41
9,13,17,18,35,40
9,13,17,18,35,41
9,13,17,18,40,41
9,13,17,20,40,41
9,13,17,21,26,40
9,13,17,21,29,33
9,13,17,21,29,34
9,13,17,21,29,35
9,13,17,21,29,40
9,13,17,21,29,41
9,13,17,21,33,34
9,13,17,21,33,35
9,13,17,21,33,40
9,13,17,21,33,41
9,13,17,21,34,40
9,13,17,21,34,41
9,13,17,21,35,40
9,13,17,21,35,41
9,13,17,21,40,41
9,13,17,22,29,33
9,13,17,22,29,40
9,13,17,22,29,41
9,13,17,22,33,40
9,13,17,22,33,41
9,13,17,22,34,40
9,13,17,22,35,40
9,13,17,22,40,41
9,13,17,23,29,40
9,13,17,23,33,40
9,13,17,23,40,41
9,13,17,25,29,33
9,13,17,25,29,34
9,13,17,25,29,35
9,13,17,25,29,40
9,13,17,25,29,41
9,13,17,25,33,34
9,13,17,25,33,35
9,13,17,25,33,40
9,13,17,25,33,41
9,13,17,25,34,40
9,13,17,25,34,41
9,13,17,25,35,40
9,13,17,25,35,41
9,13,17,25,40,41
9,13,17,26,29,32
9,13,17,26,29,33
9,13,17,26,29,34
9,13,17,26,29,35
9,13,17,26,29,40
9,13,17,26,29,41
9,13,17,26,30,40
9,13,17,26,30,41
9,13,17,26,31,40
9,13,17,26,31,41
9,13,17,26,32,33
9,13,17,26,32,40
9,13,17,26,32,41
9,13,17,26,33,34
9,13,17,26,33,35
9,13,17,26,33,40
9,13,17,26,33,41
9,13,17,26,34,35
9,13,17,26,34,40
9,13,17,26,34,41
9,13,17,26,35,40
9,13,17,26,35,41
9,13,17,26,36,40
9,13,17,26,36,41
9,13,17,28,29,40
9,13,17,28,33,40
9,13,17,28,40,41
9,13,17,29,30,33
9,13,17,29,30,34
9,13,17,29,30,35
9,13,17,29,30,40
9,13,17,29,30,41
9,13,17,29,31,33
9,13,17,29,31,34
9,13,17,29,31,35
9,13,17,29,31,40
9,13,17,29,31,41
9,13,17,29,32,33
9,13,17,29,32,34
9,13,17,29,32,35
9,13,17,29,32,40
9,13,17,29,32,41
9,13,17,29,33,36
9,13,17,29,33,39
9,13,17,29,33,42
9,13,17,29,34,35
9,13,17,29,34,36
9,13,17,29,34,42
9,13,17,29,35,36
9,13,17,29,35,42
9,13,17,29,36,40
9,13,17,29,36,41
9,13,17,29,39,40
9,13,17,29,39,41
9,13,17,29,40,42
9,13,17,29,41,42
9,13,17,30,33,34
9,13,17,30,33,35
9,13,17,30,33,40
9,13,17,30,33,41
9,13,17,30,34,40
9,13,17,30,34,41
9,13,17,30,35,40
9,13,17,30,35,41
9,13,17,30,40,41
9,13,17,31,33,34
9,13,17,31,33,35
9,13,17,31,33,40
9,13,17,31,33,41
9,13,17,31,34,40
9,13,17,31,34,41
9,13,17,31,35,40
9,13,17,31,35,41
9,13,17,31,40,41
9,13,17,32,33,34
9,13,17,32,33,35
9,13,17,32,33,40
9,13,17,32,33,41
9,13,17,32,34,35
9,13,17,32,34,40
9,13,17,32,34,41
9,13,17,32,35,40
9,13,17,32,35,41
9,13,17,32,40,41
9,13,17,33,34,35
9,13,17,33,34,36
9,13,17,33,34,42
9,13,17,33,35,36
9,13,17,33,35,42
9,13,17,33,36,40
9,13,17,33,36,41
9,13,17,33,39,40
9,13,17,33,39,41
9,13,17,33,40,42
9,13,17,33,41,42
9,13,17,34,35,40
9,13,17,34,35,41
9,13,17,34,36,40
9,13,17,34,36,41
9,13,17,34,39,40
9,13,17,34,39,41
9,13,17,34,40,42
9,13,17,34,41,42
9,13,17,35,36,40
9,13,17,35,36,41
9,13,17,35,39,40
9,13,17,35,39,41
9,13,17,35,40,42
9,13,17,35,41,42
9,13,17,36,40,41
9,13,17,39,40,41
9,13,17,40,41,42
9,13,17,40,41,43
9,13,18,26,40,41
9,13,18,29,33,34
9,13,18,29,33,35
9,13,18,29,33,40
9,13,18,29,33,41
9,13,18,29,34,40
9,13,18,29,34,41
9,13,18,29,35,40
9,13,18,29,35,41
9,13,18,29,40,41
9,13,18,33,34,40
9,13,18,33,34,41
9,13,18,33,35,40
9,13,18,33,35,41
9,13,18,33,40,41
9,13,18,34,40,41
9,13,18,35,40,41
9,13,21,29,33,40
9,13,21,29,33,41
9,13,21,29,40,41
9,13,21,33,40,41
9,13,21,34,40,41
9,13,21,35,40,41
9,13,22,29,40,41
9,13,22,33,40,41
9,13,25,29,33,40
9,13,25,29,33,41
9,13,25,29,40,41
9,13,25,33,40,41
9,13,26,29,33,34
9,13,26,29,33,35
9,13,26,29,33,40
9,13,26,29,33,41
9,13,26,29,34,35
9,13,26,29,34,40
9,13,26,29,34,41
9,13,26,29,35,40
9,13,26,29,35,41
9,13,26,29,40,41
9,13,26,32,40,41
9,13,26,33,34,35
9,13,26,33,34,40
9,13,26,33,34,41
9,13,26,33,35,40
9,13,26,33,35,41
9,13,26,33,40,41
9,13,26,34,35,40
9,13,26,34,35,41
9,13,26,34,40,41
9,13,26,35,40,41
9,13,29,30,33,40
9,13,29,30,33,41
9,13,29,30,34,40
9,13,29,30,35,40
9,13,29,30,40,41
9,13,29,31,33,40
9,13,29,31,33,41
9,13,29,31,34,40
9,13,29,31,35,40
9,13,29,31,40,41
9,13,29,32,33,34
9,13,29,32,33,35
9,13,29,32,33,40
9,13,29,32,33,41
9,13,29,32,34,40
9,13,29,32,34,41
9,13,29,32,35,40
9,13,29,32,35,41
9,13,29,32,40,41
9,13,29,33,34,35
9,13,29,33,34,40
9,13,29,33,34,41
9,13,29,33,35,40
9,13,29,33,35,41
9,13,29,33,36,40
9,13,29,33,36,41
9,13,29,33,39,40
9,13,29,33,40,42
9,13,29,33,41,42
9,13,29,34,35,40
9,13,29,34,35,41
9,13,29,34,36,40
9,13,29,34,40,41
9,13,29,35,36,40
9,13,29,35,40,41
9,13,29,36,40,41
9,13,29,39,40,41
9,13,29,40,41,42
9,13,30,33,34,40
9,13,30,33,35,40
9,13,30,33,40,41
9,13,30,34,40,41
9,13,30,35,40,41
9,13,31,33,34,40
9,13,31,33,35,40
9,13,31,33,40,41
9,13,31,34,40,41
9,13,31,35,40,41
9,13,32,33,34,40
9,13,32,33,34,41
9,13,32,33,35,40
9,13,32,33,35,41
9,13,32,33,40,41
9,13,32,34,40,41
9,13,32,35,40,41
9,13,33,34,35,40
9,13,33,34,35,41
9,13,33,34,36,40
9,13,33,34,40,41
9,13,33,35,36,40
9,13,33,35,40,41
9,13,33,36,40,41
9,13,33,39,40,41
9,13,33,40,41,42
9,13,34,35,40,41
9,13,34,36,40,41
9,13,35,36,40,41
9,14,16,17,29,33
9,14,16,17,29,40
9,14,16,17,29,41
9,14,16,17,33,40
9,14,16,17,33,41
9,14,16,17,34,40
9,14,16,17,35,40
9,14,16,17,40,41
9,14,16,29,40,41
9,14,16,33,40,41
9,14,17,18,29,33
9,14,17,18,29,40
9,14,17,18,29,41
9,14,17,18,33,40
9,14,17,18,33,41
9,14,17,18,40,41
9,14,17,21,40,41
9,14,17,26,29,33
9,14,17,26,29,34
9,14,17,26,29,35
9,14,17,26,29,40
9,14,17,26,29,41
9,14,17,26,33,34
9,14,17,26,33,35
9,14,17,26,33,40
9,14,17,26,33,41
9,14,17,26,34,40
9,14,17,26,34,41
9,14,17,26,35,40
9,14,17,26,35,41
9,14,17,26,40,41
9,14,17,29,30,40
9,14,17,29,31,40
9,14,17,29,32,33
9,14,17,29,32,40
9,14,17,29,32,41
9,14,17,29,33,34
9,14,17,29,33,35
9,14,17,29,33,40
9,14,17,29,33,41
9,14,17,29,34,35
9,14,17,29,34,40
9,14,17,29,34,41
9,14,17,29,35,40
9,14,17,29,35,41
9,14,17,29,36,40
9,14,17,29,40,41
9,14,17,30,33,40
9,14,17,30,40,41
9,14,17,31,33,40
9,14,17,31,40,41
9,14,17,32,33,40
9,14,17,32,33,41
9,14,17,32,40,41
9,14,17,33,34,35
9,14,17,33,34,40
9,14,17,33,34,41
9,14,17,33,35,40
9,14,17,33,35,41
9,14,17,33,36,40
9,14,17,33,40,41
9,14,17,34,35,40
9,14,17,34,35,41
9,14,17,34,40,41
9,14,17,35,40,41
9,14,17,36,40,41
9,14,26,29,33,40
9,14,26,29,33,41
9,14,26,29,34,40
9,14,26,29,35,40
9,14,26,29,40,41
9,14,26,33,34,40
9,14,26,33,35,40
9,14,26,33,40,41
9,14,26,34,40,41
9,14,26,35,40,41
9,14,29,33,34,35
9,14,29,33,34,40
9,14,29,33,34,41
9,14,29,33,35,40
9,14,29,33,35,41
9,14,29,33,40,41
9,14,29,34,35,40
9,14,29,34,35,41
9,14,29,34,40,41
9,14,29,35,40,41
9,14,33,34,35,40
9,14,33,34,35,41
9,14,33,34,40,41
9,14,33,35,40,41
9,14,34,35,40,41
9,15,17,29,33,40
9,15,17,29,40,41
9,15,17,33,40,41
9,16,17,18,40,41
9,16,17,26,29,33
9,16,17,26,29,40
9,16,17,26,29,41
9,16,17,26,33,40
9,16,17,26,33,41
9,16,17,26,34,40
9,16,17,26,34,41
9,16,17,26,35,40
9,16,17,26,35,41
9,16,17,26,40,41
9,16,17,29,33,34
9,16,17,29,33,35
9,16,17,29,33,40
9,16,17,29,33,41
9,16,17,29,34,35
9,16,17,29,34,40
9,16,17,29,34,41
9,16,17,29,35,40
9,16,17,29,35,41
9,16,17,29,40,41
9,16,17,32,40,41
9,16,17,33,34,35
9,16,17,33,34,40
9,16,17,33,34,41
9,16,17,33,35,40
9,16,17,33,35,41
9,16,17,33,40,41
9,16,17,34,35,40
9,16,17,34,35,41
9,16,17,34,40,41
9,16,17,35,40,41
9,16,26,29,33,40
9,16,26,29,40,41
9,16,26,33,40,41
9,16,29,33,34,40
9,16,29,33,34,41
9,16,29,33,35,40
9,16,29,33,35,41
9,16,29,33,40,41
9,16,29,34,35,40
9,16,29,34,40,41
9,16,29,35,40,41
9,16,33,34,35,40
9,16,33,34,40,41
9,16,33,35,40,41
9,16,34,35,40,41
9,17,18,26,29,33
9,17,18,26,29,40
9,17,18,26,29,41
9,17,18,26,33,40
9,17,18,26,33,41
9,17,18,26,34,40
9,17,18,26,35,40
9,17,18,26,40,41
9,17,18,29,33,34
9,17,18,29,33,35
9,17,18,29,33,40
9,17,18,29,33,41
9,17,18,29,34,35
9,17,18,29,34,40
9,17,18,29,34,41
9,17,18,29,35,40
9,17,18,29,35,41
9,17,18,29,40,41
9,17,18,33,34,35
9,17,18,33,34,40
9,17,18,33,34,41
9,17,18,33,35,40
9,17,18,33,35,41
9,17,18,33,40,41
9,17,18,34,35,40
9,17,18,34,35,41
9,17,18,34,40,41
9,17,18,35,40,41
9,17,20,29,40,41
9,17,20,33,40,41
9,17,21,26,29,40
9,17,21,26,33,40
9,17,21,26,40,41
9,17,21,29,33,34
9,17,21,29,33,35
9,17,21,29,33,40
9,17,21,29,33,41
9,17,21,29,34,40
9,17,21,29,34,41
9,17,21,29,35,40
9,17,21,29,35,41
9,17,21,29,40,41
9,17,21,33,34,40
9,17,21,33,34,41
9,17,21,33,35,40
9,17,21,33,35,41
9,17,21,33,40,41
9,17,21,34,35,40
9,17,21,34,40,41
9,17,21,35,40,41
9,17,22,29,33,40
9,17,22,29,33,41
9,17,22,29,34,40
9,17,22,29,35,40
9,17,22,29,40,41
9,17,22,33,34,40
9,17,22,33,35,40
9,17,22,33,40,41
9,17,22,34,40,41
9,17,22,35,40,41
9,17,23,29,33,40
9,17,23,29,40,41
9,17,23,33,40,41
9,17,25,26,40,41
9,17,25,29,33,34
9,17,25,29,33,35
9,17,25,29,33,40
9,17,25,29,33,41
9,17,25,29,34,40
9,17,25,29,34,41
9,17,25,29,35,40
9,17,25,29,35,41
9,17,25,29,40,41
9,17,25,33,34,40
9,17,25,33,34,41
9,17,25,33,35,40
9,17,25,33,35,41
9,17,25,33,40,41
9,17,25,34,40,41
9,17,25,35,40,41
9,17,26,29,30,40
9,17,26,29,30,41
9,17,26,29,31,40
9,17,26,29,31,41
9,17,26,29,32,33
9,17,26,29,32,40
9,17,26,29,32,41
9,17,26,29,33,34
9,17,26,29,33,35
9,17,26,29,33,40
9,17,26,29,33,41
9,17,26,29,34,35
9,17,26,29,34,40
9,17,26,29,34,41
9,17,26,29,35,40
9,17,26,29,35,41
9,17,26,29,36,40
9,17,26,29,36,41
9,17,26,30,33,40
9,17,26,30,33,41
9,17,26,30,40,41
9,17,26,31,33,40
9,17,26,31,33,41
9,17,26,31,40,41
9,17,26,32,33,40
9,17,26,32,33,41
9,17,26,32,34,40
9,17,26,32,35,40
9,17,26,32,40,41
9,17,26,33,34,35
9,17,26,33,34,40
9,17,26,33,34,41
9,17,26,33,35,40
9,17,26,33,35,41
9,17,26,33,36,40
9,17,26,33,36,41
9,17,26,34,35,40
9,17,26,34,35,41
9,17,26,34,40,41
9,17,26,35,40,41
9,17,26,36,40,41
9,17,26,40,41,42
9,17,28,29,33,40
9,17,28,29,40,41
9,17,28,33,40,41
9,17,29,30,33,34
9,17,29,30,33,35
9,17,29,30,33,40
9,17,29,30,33,41
9,17,29,30,34,40
9,17,29,30,34,41
9,17,29,30,35,40
9,17,29,30,35,41
9,17,29,30,40,41
9,17,29,31,33,34
9,17,29,31,33,35
9,17,29,31,33,40
9,17,29,31,33,41
9,17,29,31,34,40
9,17,29,31,34,41
9,17,29,31,35,40
9,17,29,31,35,41
9,17,29,31,40,41
9,17,29,32,33,34
9,17,29,32,33,35
9,17,29,32,33,40
9,17,29,32,33,41
9,17,29,32,34,35
9,17,29,32,34,40
9,17,29,32,34,41
9,17,29,32,35,40
9,17,29,32,35,41
9,17,29,32,40,41
9,17,29,33,34,35
9,17,29,33,34,36
9,17,29,33,34,42
9,17,29,33,35,36
9,17,29,33,35,42
9,17,29,33,36,40
9,17,29,33,36,41
9,17,29,33,39,40
9,17,29,33,39,41
9,17,29,33,40,42
9,17,29,33,41,42
9,17,29,34,35,40
9,17,29,34,35,41
9,17,29,34,36,40
9,17,29,34,36,41
9,17,29,34,39,40
9,17,29,34,39,41
9,17,29,34,40,42
9,17,29,34,41,42
9,17,29,35,36,40
9,17,29,35,36,41
9,17,29,35,39,40
9,17,29,35,39,41
9,17,29,35,40,42
9,17,29,35,41,42
9,17,29,36,40,41
9,17,29,39,40,41
9,17,29,40,41,42
9,17,29,40,41,43
9,17,30,33,34,40
9,17,30,33,34,41
9,17,30,33,35,40
9,17,30,33,35,41
9,17,30,33,40,41
9,17,30,34,35,40
9,17,30,34,35,41
9,17,30,34,40,41
9,17,30,35,40,41
9,17,31,33,34,40
9,17,31,33,34,41
9,17,31,33,35,40
9,17,31,33,35,41
9,17,31,33,40,41
9,17,31,34,35,40
9,17,31,34,35,41
9,17,31,34,40,41
9,17,31,35,40,41
9,17,32,33,34,35
9,17,32,33,34,40
9,17,32,33,34,41
9,17,32,33,35,40
9,17,32,33,35,41
9,17,32,33,40,41
9,17,32,34,35,40
9,17,32,34,35,41
9,17,32,34,40,41
9,17,32,35,40,41
9,17,33,34,35,40
9,17,33,34,35,41
9,17,33,34,36,40
9,17,33,34,36,41
9,17,33,34,39,40
9,17,33,34,39,41
9,17,33,34,40,42
9,17,33,34,41,42
9,17,33,35,36,40
9,17,33,35,36,41
9,17,33,35,39,40
9,17,33,35,39,41
9,17,33,35,40,42
9,17,33,35,41,42
9,17,33,36,40,41
9,17,33,39,40,41
9,17,33,40,41,42
9,17,33,40,41,43
9,17,34,35,36,40
9,17,34,35,36,41
9,17,34,36,40,41
9,17,34,39,40,41
9,17,34,40,41,42
9,17,35,36,40,41
9,17,35,39,40,41
9,17,35,40,41,42
9,18,26,29,40,41
9,18,26,33,40,41
9,18,29,33,34,40
9,18,29,33,34,41
9,18,29,33,35,40
9,18,29,33,35,41
9,18,29,33,40,41
9,18,29,34,40,41
9,18,29,35,40,41
9,18,33,34,40,41
9,18,33,35,40,41
9,18,34,35,40,41
9,21,29,33,40,41
9,21,29,34,40,41
9,21,29,35,40,41
9,21,33,34,40,41
9,21,33,35,40,41
9,22,29,33,40,41
9,25,29,33,40,41
9,26,29,32,40,41
9,26,29,33,34,35
9,26,29,33,34,40
9,26,29,33,34,41
9,26,29,33,35,40
9,26,29,33,35,41
9,26,29,33,40,41
9,26,29,34,35,40
9,26,29,34,35,41
9,26,29,34,40,41
9,26,29,35,40,41
9,26,32,33,40,41
9,26,33,34,35,40
9,26,33,34,35,41
9,26,33,34,40,41
9,26,33,35,40,41
9,26,34,35,40,41
9,29,30,33,34,40
9,29,30,33,35,40
9,29,30,33,40,41
9,29,30,34,40,41
9,29,30,35,40,41
9,29,31,33,34,40
9,29,31,33,35,40
9,29,31,33,40,41
9,29,31,34,40,41
9,29,31,35,40,41
9,29,32,33,34,40
9,29,32,33,34,41
9,29,32,33,35,40
9,29,32,33,35,41
9,29,32,33,40,41
9,29,32,34,40,41
9,29,32,35,40,41
9,29,33,34,35,40
9,29,33,34,36,40
9,29,33,34,40,41
9,29,33,35,36,40
9,29,33,35,40,41
9,29,33,36,40,41
9,29,33,39,40,41
9,29,33,40,41,42
9,29,34,35,40,41
9,29,34,36,40,41
9,29,35,36,40,41
9,30,33,34,40,41
9,30,33,35,40,41
9,31,33,34,40,41
9,31,33,35,40,41
9,32,33,34,40,41
9,32,33,35,40,41
9,32,34,35,40,41
9,33,34,35,40,41
9,33,34,36,40,41
9,33,35,36,40,41
11,13,17,29,33,40
11,13,17,29,33,41
11,13,17,29,34,40
11,13,17,29,35,40
11,13,17,29,40,41
11,13,17,33,34,40
11,13,17,33,35,40
11,13,17,33,40,41
11,13,17,34,40,41
11,13,17,35,40,41
11,13,29,33,40,41
11,17,29,33,34,40
11,17,29,33,35,40
11,17,29,33,40,41
11,17,29,34,40,41
11,17,29,35,40,41
11,17,33,34,40,41
11,17,33,35,40,41
13,14,17,26,40,41
13,14,17,29,33,34
13,14,17,29,33,35
13,14,17,29,33,40
13,14,17,29,33,41
13,14,17,29,34,40
13,14,17,29,34,41
13,14,17,29,35,40
13,14,17,29,35,41
13,14,17,29,40,41
13,14,17,33,34,40
13,14,17,33,34,41
13,14,17,33,35,40
13,14,17,33,35,41
13,14,17,33,40,41
13,14,17,34,40,41
13,14,17,35,40,41
13,14,29,33,40,41
13,16,17,29,33,40
13,16,17,29,33,41
13,16,17,29,40,41
13,16,17,33,40,41
13,16,17,34,40,41
13,16,17,35,40,41
13,17,18,29,33,40
13,17,18,29,33,41
13,17,18,29,40,41
13,17,18,33,40,41
13,17,26,29,33,34
13,17,26,29,33,35
13,17,26,29,33,40
13,17,26,29,33,41
13,17,26,29,34,40
13,17,26,29,34,41
13,17,26,29,35,40
13,17,26,29,35,41
13,17,26,29,40,41
13,17,26,33,34,40
13,17,26,33,34,41
13,17,26,33,35,40
13,17,26,33,35,41
13,17,26,33,40,41
13,17,26,34,35,40
13,17,26,34,40,41
13,17,26,35,40,41
13,17,29,30,40,41
13,17,29,31,40,41
13,17,29,32,33,40
13,17,29,32,33,41
13,17,29,32,40,41
13,17,29,33,34,35
13,17,29,33,34,40
13,17,29,33,34,41
13,17,29,33,35,40
13,17,29,33,35,41
13,17,29,33,40,41
13,17,29,34,35,40
13,17,29,34,35,41
13,17,29,34,40,41
13,17,29,35,40,41
13,17,29,36,40,41
13,17,30,33,40,41
13,17,31,33,40,41
13,17,32,33,40,41
13,17,33,34,35,40
13,17,33,34,35,41
13,17,33,34,40,41
13,17,33,35,40,41
13,17,33,36,40,41
13,17,34,35,40,41
13,26,29,33,40,41
13,26,29,34,40,41
13,26,29,35,40,41
13,26,33,34,40,41
13,26,33,35,40,41
13,29,33,34,35,40
13,29,33,34,35,41
13,29,33,34,40,41
13,29,33,35,40,41
13,29,34,35,40,41
13,33,34,35,40,41
14,17,26,29,40,41
14,17,26,33,40,41
14,17,29,33,34,40
14,17,29,33,34,41
14,17,29,33,35,40
14,17,29,33,35,41
14,17,29,33,40,41
14,17,29,34,40,41
14,17,29,35,40,41
14,17,33,34,40,41
14,17,33,35,40,41
14,17,34,35,40,41
16,17,29,33,40,41
16,17,29,34,40,41
16,17,29,35,40,41
16,17,33,34,40,41
16,17,33,35,40,41
17,18,29,33,40,41
17,26,29,33,34,40
17,26,29,33,34,41
17,26,29,33,35,40
17,26,29,33,35,41
17,26,29,33,40,41
17,26,29,34,35,40
17,26,29,34,40,41
17,26,29,35,40,41
17,26,33,34,35,40
17,26,33,34,40,41
17,26,33,35,40,41
17,26,34,35,40,41
17,29,30,33,40,41
17,29,31,33,40,41
17,29,32,33,40,41
17,29,33,34,35,40
17,29,33,34,35,41
17,29,33,34,40,41
17,29,33,35,40,41
17,29,33,36,40,41
17,29,34,35,40,41
17,33,34,35,40,41
26,29,33,34,40,41
26,29,33,35,40,41
29,33,34,35,40,41
