1,6,10,27,37,38
2,3,6,10,27,37
2,3,6,10,27,38
2,3,6,10,37,38
2,3,6,27,37,38
2,4,6,10,27,38
2,4,6,10,37,38
2,4,6,27,37,38
2,6,8,10,12,27
2,6,8,10,12,37
2,6,8,10,12,38
2,6,8,10,15,38
2,6,8,10,19,27
2,6,8,10,19,37
2,6,8,10,19,38
2,6,8,10,20,38
2,6,8,10,23,38
2,6,8,10,24,27
2,6,8,10,24,37
2,6,8,10,24,38
2,6,8,10,27,37
2,6,8,10,27,38
2,6,8,10,28,38
2,6,8,10,37,38
2,6,8,10,38,43
2,6,8,12,27,37
2,6,8,12,27,38
2,6,8,12,37,38
2,6,8,15,27,38
2,6,8,15,37,38
2,6,8,19,27,38
2,6,8,19,37,38
2,6,8,20,27,38
2,6,8,20,37,38
2,6,8,23,27,38
2,6,8,23,37,38
2,6,8,24,27,38
2,6,8,24,37,38
2,6,8,27,28,38
2,6,8,27,37,38
2,6,8,27,38,43
2,6,8,28,37,38
2,6,8,37,38,43
2,6,10,12,15,27
2,6,10,12,15,37
2,6,10,12,15,38
2,6,10,12,19,27
2,6,10,12,19,37
2,6,10,12,19,38
2,6,10,12,20,27
2,6,10,12,20,37
2,6,10,12,20,38
2,6,10,12,22,38
2,6,10,12,23,27
2,6,10,12,23,37
2,6,10,12,23,38
2,6,10,12,24,27
2,6,10,12,24,37
2,6,10,12,24,38
2,6,10,12,27,28
2,6,10,12,27,37
2,6,10,12,27,38
2,6,10,12,27,43
2,6,10,12,28,37
2,6,10,12,28,38
2,6,10,12,37,38
2,6,10,12,37,43
2,6,10,12,38,43
2,6,10,15,19,38
2,6,10,15,20,38
2,6,10,15,23,38
2,6,10,15,24,38
2,6,10,15,27,37
2,6,10,15,27,38
2,6,10,15,28,38
2,6,10,15,37,38
2,6,10,15,38,43
2,6,10,19,20,27
2,6,10,19,20,37
2,6,10,19,20,38
2,6,10,19,23,38
2,6,10,19,24,27
2,6,10,19,24,37
2,6,10,19,24,38
2,6,10,19,27,37
2,6,10,19,27,38
2,6,10,19,27,43
2,6,10,19,28,38
2,6,10,19,37,38
2,6,10,19,37,43
2,6,10,19,38,43
2,6,10,20,23,38
2,6,10,20,24,27
2,6,10,20,24,37
2,6,10,20,24,38
2,6,10,20,27,37
2,6,10,20,27,38
2,6,10,20,28,38
2,6,10,20,37,38
2,6,10,20,38,43
2,6,10,21,27,38
2,6,10,21,37,38
2,6,10,22,27,37
2,6,10,22,27,38
2,6,10,22,37,38
2,6,10,23,24,38
2,6,10,23,27,37
2,6,10,23,27,38
2,6,10,23,28,38
2,6,10,23,37,38
2,6,10,23,38,43
2,6,10,24,27,37
2,6,10,24,27,38
2,6,10,24,27,43
2,6,10,24,28,38
2,6,10,24,37,38
2,6,10,24,37,43
2,6,10,24,38,43
2,6,10,25,27,37
2,6,10,25,27,38
2,6,10,25,37,38
2,6,10,27,28,37
2,6,10,27,28,38
2,6,10,27,30,38
2,6,10,27,31,38
2,6,10,27,36,38
2,6,10,27,37,39
2,6,10,27,37,42
2,6,10,27,37,43
2,6,10,27,38,39
2,6,10,27,38,42
2,6,10,27,38,43
2,6,10,28,37,38
2,6,10,28,38,43
2,6,10,30,37,38
2,6,10,31,37,38
2,6,10,36,37,38
2,6,10,37,38,39
2,6,10,37,38,42
2,6,10,37,38,43
2,6,12,15,27,38
2,6,12,15,37,38
2,6,12,19,27,37
2,6,12,19,27,38
2,6,12,19,37,38
2,6,12,20,27,37
2,6,12,20,27,38
2,6,12,20,37,38
2,6,12,23,27,38
2,6,12,23,37,38
2,6,12,24,27,37
2,6,12,24,27,38
2,6,12,24,37,38
2,6,12,27,28,38
2,6,12,27,37,38
2,6,12,27,37,43
2,6,12,27,38,43
2,6,12,28,37,38
2,6,12,37,38,43
2,6,15,19,27,38
2,6,15,19,37,38
2,6,15,20,27,38
2,6,15,20,37,38
2,6,15,24,27,38
2,6,15,24,37,38
2,6,15,27,37,38
2,6,15,27,38,43
2,6,15,37,38,43
2,6,19,20,27,38
2,6,19,20,37,38
2,6,19,23,27,38
2,6,19,23,37,38
2,6,19,24,27,37
2,6,19,24,27,38
2,6,19,24,37,38
2,6,19,27,28,38
2,6,19,27,37,38
2,6,19,27,38,43
2,6,19,28,37,38
2,6,19,37,38,43
2,6,20,23,27,38
2,6,20,23,37,38
2,6,20,24,27,38
2,6,20,24,37,38
2,6,20,27,28,38
2,6,20,27,37,38
2,6,20,27,38,43
2,6,20,28,37,38
2,6,20,37,38,43
2,6,21,27,37,38
2,6,22,27,37,38
2,6,23,24,27,38
2,6,23,24,37,38
2,6,23,27,37,38
2,6,23,27,38,43
2,6,23,37,38,43
2,6,24,27,28,38
2,6,24,27,37,38
2,6,24,27,38,43
2,6,24,28,37,38
2,6,24,37,38,43
2,6,25,27,37,38
2,6,27,28,37,38
2,6,27,28,38,43
2,6,27,30,37,38
2,6,27,31,37,38
2,6,27,36,37,38
2,6,27,37,38,39
2,6,27,37,38,42
2,6,27,37,38,43
2,6,28,37,38,43
3,6,8,10,12,38
3,6,8,10,27,37
3,6,8,10,27,38
3,6,8,10,37,38
3,6,8,27,37,38
3,6,10,12,19,38
3,6,10,12,20,38
3,6,10,12,24,38
3,6,10,12,27,37
3,6,10,12,27,38
3,6,10,12,37,38
3,6,10,12,38,43
3,6,10,15,27,37
3,6,10,15,27,38
3,6,10,15,37,38
3,6,10,19,24,38
3,6,10,19,27,37
3,6,10,19,27,38
3,6,10,19,37,38
3,6,10,20,27,37
3,6,10,20,27,38
3,6,10,20,37,38
3,6,10,22,27,38
3,6,10,22,37,38
3,6,10,23,27,37
3,6,10,23,27,38
3,6,10,23,37,38
3,6,10,24,27,37
3,6,10,24,27,38
3,6,10,24,37,38
3,6,10,27,28,37
3,6,10,27,28,38
3,6,10,27,37,38
3,6,10,27,37,43
3,6,10,27,38,39
3,6,10,27,38,43
3,6,10,28,37,38
3,6,10,37,38,39
3,6,10,37,38,43
3,6,12,19,27,38
3,6,12,19,37,38
3,6,12,24,27,38
3,6,12,24,37,38
3,6,12,27,37,38
3,6,15,27,37,38
3,6,19,27,37,38
3,6,20,27,37,38
3,6,22,27,37,38
3,6,23,27,37,38
3,6,24,27,37,38
3,6,27,28,37,38
3,6,27,37,38,43
4,6,8,10,27,37
4,6,8,10,27,38
4,6,8,10,37,38
4,6,8,27,37,38
4,6,10,12,19,38
4,6,10,12,24,38
4,6,10,12,27,37
4,6,10,12,27,38
4,6,10,12,37,38
4,6,10,15,27,37
4,6,10,15,27,38
4,6,10,15,37,38
4,6,10,19,27,37
4,6,10,19,27,38
4,6,10,19,37,38
4,6,10,20,27,37
4,6,10,20,27,38
4,6,10,20,37,38
4,6,10,22,27,38
4,6,10,22,37,38
4,6,10,23,27,37
4,6,10,23,27,38
4,6,10,23,37,38
4,6,10,24,27,37
4,6,10,24,27,38
4,6,10,24,37,38
4,6,10,27,28,37
4,6,10,27,28,38
4,6,10,27,37,38
4,6,10,27,37,43
4,6,10,27,38,43
4,6,10,28,37,38
4,6,10,37,38,43
4,6,12,27,37,38
4,6,15,27,37,38
4,6,19,27,37,38
4,6,20,27,37,38
4,6,23,27,37,38
4,6,24,27,37,38
4,6,27,28,37,38
4,6,27,37,38,43
5,6,10,12,27,38
5,6,10,12,37,38
5,6,10,19,27,38
5,6,10,19,37,38
5,6,10,24,27,38
5,6,10,24,37,38
5,6,10,27,37,38
5,6,12,27,37,38
6,8,10,12,15,27
6,8,10,12,15,37
6,8,10,12,15,38
6,8,10,12,19,27
6,8,10,12,19,37
6,8,10,12,19,38
6,8,10,12,20,27
6,8,10,12,20,37
6,8,10,12,20,38
6,8,10,12,22,38
6,8,10,12,23,27
6,8,10,12,23,37
6,8,10,12,23,38
6,8,10,12,24,27
6,8,10,12,24,37
6,8,10,12,24,38
6,8,10,12,25,38
6,8,10,12,27,28
6,8,10,12,27,37
6,8,10,12,27,38
6,8,10,12,27,43
6,8,10,12,28,37
6,8,10,12,28,38
6,8,10,12,37,38
6,8,10,12,37,43
6,8,10,12,38,39
6,8,10,12,38,42
6,8,10,12,38,43
6,8,10,15,19,27
6,8,10,15,19,37
6,8,10,15,19,38
6,8,10,15,20,27
6,8,10,15,20,37
6,8,10,15,20,38
6,8,10,15,23,38
6,8,10,15,24,27
6,8,10,15,24,37
6,8,10,15,24,38
6,8,10,15,27,37
6,8,10,15,27,38
6,8,10,15,27,43
6,8,10,15,28,38
6,8,10,15,37,38
6,8,10,15,37,43
6,8,10,15,38,43
6,8,10,16,27,38
6,8,10,16,37,38
6,8,10,18,27,38
6,8,10,18,37,38
6,8,10,19,20,27
6,8,10,19,20,37
6,8,10,19,20,38
6,8,10,19,22,38
6,8,10,19,23,27
6,8,10,19,23,37
6,8,10,19,23,38
6,8,10,19,24,27
6,8,10,19,24,37
6,8,10,19,24,38
6,8,10,19,27,28
6,8,10,19,27,37
6,8,10,19,27,38
6,8,10,19,27,43
6,8,10,19,28,37
6,8,10,19,28,38
6,8,10,19,37,38
6,8,10,19,37,43
6,8,10,19,38,39
6,8,10,19,38,43
6,8,10,20,22,38
6,8,10,20,23,27
6,8,10,20,23,37
6,8,10,20,23,38
6,8,10,20,24,27
6,8,10,20,24,37
6,8,10,20,24,38
6,8,10,20,27,28
6,8,10,20,27,37
6,8,10,20,27,38
6,8,10,20,27,43
6,8,10,20,28,37
6,8,10,20,28,38
6,8,10,20,37,38
6,8,10,20,37,43
6,8,10,20,38,43
6,8,10,21,27,37
6,8,10,21,27,38
6,8,10,21,37,38
6,8,10,22,24,38
6,8,10,22,27,37
6,8,10,22,27,38
6,8,10,22,37,38
6,8,10,22,38,43
6,8,10,23,24,27
6,8,10,23,24,37
6,8,10,23,24,38
6,8,10,23,27,37
6,8,10,23,27,38
6,8,10,23,27,43
6,8,10,23,28,38
6,8,10,23,37,38
6,8,10,23,37,43
6,8,10,23,38,43
6,8,10,24,27,28
6,8,10,24,27,37
6,8,10,24,27,38
6,8,10,24,27,43
6,8,10,24,28,37
6,8,10,24,28,38
6,8,10,24,37,38
6,8,10,24,37,43
6,8,10,24,38,39
6,8,10,24,38,43
6,8,10,25,27,37
6,8,10,25,27,38
6,8,10,25,37,38
6,8,10,27,28,37
6,8,10,27,28,38
6,8,10,27,28,43
6,8,10,27,30,37
6,8,10,27,30,38
6,8,10,27,31,37
6,8,10,27,31,38
6,8,10,27,32,38
6,8,10,27,36,37
6,8,10,27,36,38
6,8,10,27,37,39
6,8,10,27,37,42
6,8,10,27,37,43
6,8,10,27,38,39
6,8,10,27,38,42
6,8,10,27,38,43
6,8,10,28,37,38
6,8,10,28,37,43
6,8,10,28,38,43
6,8,10,30,37,38
6,8,10,31,37,38
6,8,10,32,37,38
6,8,10,36,37,38
6,8,10,37,38,39
6,8,10,37,38,42
6,8,10,37,38,43
6,8,12,15,27,37
6,8,12,15,27,38
6,8,12,15,37,38
6,8,12,19,24,38
6,8,12,19,27,37
6,8,12,19,27,38
6,8,12,19,37,38
6,8,12,20,27,37
6,8,12,20,27,38
6,8,12,20,37,38
6,8,12,22,27,38
6,8,12,22,37,38
6,8,12,23,27,37
6,8,12,23,27,38
6,8,12,23,37,38
6,8,12,24,27,37
6,8,12,24,27,38
6,8,12,24,37,38
6,8,12,27,28,37
6,8,12,27,28,38
6,8,12,27,37,38
6,8,12,27,37,43
6,8,12,27,38,39
6,8,12,27,38,43
6,8,12,28,37,38
6,8,12,37,38,39
6,8,12,37,38,43
6,8,15,19,27,37
6,8,15,19,27,38
6,8,15,19,37,38
6,8,15,20,27,38
6,8,15,20,37,38
6,8,15,23,27,38
6,8,15,23,37,38
6,8,15,24,27,37
6,8,15,24,27,38
6,8,15,24,37,38
6,8,15,27,28,38
6,8,15,27,37,38
6,8,15,27,38,43
6,8,15,28,37,38
6,8,15,37,38,43
6,8,18,27,37,38
6,8,19,20,27,37
6,8,19,20,27,38
6,8,19,20,37,38
6,8,19,22,27,38
6,8,19,22,37,38
6,8,19,23,27,37
6,8,19,23,27,38
6,8,19,23,37,38
6,8,19,24,27,37
6,8,19,24,27,38
6,8,19,24,37,38
6,8,19,27,28,37
6,8,19,27,28,38
6,8,19,27,37,38
6,8,19,27,37,43
6,8,19,27,38,43
6,8,19,28,37,38
6,8,19,37,38,43
6,8,20,23,27,38
6,8,20,23,37,38
6,8,20,24,27,37
6,8,20,24,27,38
6,8,20,24,37,38
6,8,20,27,28,38
6,8,20,27,37,38
6,8,20,27,37,43
6,8,20,27,38,43
6,8,20,28,37,38
6,8,20,37,38,43
6,8,21,27,37,38
6,8,22,24,27,38
6,8,22,24,37,38
6,8,22,27,37,38
6,8,23,24,27,37
6,8,23,24,27,38
6,8,23,24,37,38
6,8,23,27,28,38
6,8,23,27,37,38
6,8,23,27,38,43
6,8,23,28,37,38
6,8,23,37,38,43
6,8,24,27,28,37
6,8,24,27,28,38
6,8,24,27,37,38
6,8,24,27,37,43
6,8,24,27,38,43
6,8,24,28,37,38
6,8,24,37,38,43
6,8,25,27,37,38
6,8,27,28,37,38
6,8,27,28,38,43
6,8,27,30,37,38
6,8,27,31,37,38
6,8,27,32,37,38
6,8,27,36,37,38
6,8,27,37,38,39
6,8,27,37,38,42
6,8,27,37,38,43
6,8,28,37,38,43
6,10,11,12,27,38
6,10,11,12,37,38
6,10,11,19,27,38
6,10,11,19,37,38
6,10,11,24,27,38
6,10,11,24,37,38
6,10,11,27,37,38
6,10,12,15,19,27
6,10,12,15,19,37
6,10,12,15,19,38
6,10,12,15,20,27
6,10,12,15,20,37
6,10,12,15,20,38
6,10,12,15,22,38
6,10,12,15,23,27
6,10,12,15,23,37
6,10,12,15,23,38
6,10,12,15,24,27
6,10,12,15,24,37
6,10,12,15,24,38
6,10,12,15,27,28
6,10,12,15,27,37
6,10,12,15,27,38
6,10,12,15,27,43
6,10,12,15,28,37
6,10,12,15,28,38
6,10,12,15,37,38
6,10,12,15,37,43
6,10,12,15,38,39
6,10,12,15,38,43
6,10,12,16,27,38
6,10,12,16,37,38
6,10,12,18,27,37
6,10,12,18,27,38
6,10,12,18,37,38
6,10,12,19,20,27
6,10,12,19,20,37
6,10,12,19,20,38
6,10,12,19,21,38
6,10,12,19,22,27
6,10,12,19,22,37
6,10,12,19,22,38
6,10,12,19,23,27
6,10,12,19,23,37
6,10,12,19,23,38
6,10,12,19,24,27
6,10,12,19,24,37
6,10,12,19,24,38
6,10,12,19,25,38
6,10,12,19,27,28
6,10,12,19,27,37
6,10,12,19,27,38
6,10,12,19,27,43
6,10,12,19,28,37
6,10,12,19,28,38
6,10,12,19,37,38
6,10,12,19,37,43
6,10,12,19,38,39
6,10,12,19,38,42
6,10,12,19,38,43
6,10,12,20,22,38
6,10,12,20,23,27
6,10,12,20,23,37
6,10,12,20,23,38
6,10,12,20,24,27
6,10,12,20,24,37
6,10,12,20,24,38
6,10,12,20,25,38
6,10,12,20,27,28
6,10,12,20,27,37
6,10,12,20,27,38
6,10,12,20,27,43
6,10,12,20,28,37
6,10,12,20,28,38
6,10,12,20,37,38
6,10,12,20,37,43
6,10,12,20,38,39
6,10,12,20,38,42
6,10,12,20,38,43
6,10,12,21,24,38
6,10,12,21,27,37
6,10,12,21,27,38
6,10,12,21,37,38
6,10,12,22,23,38
6,10,12,22,24,27
6,10,12,22,24,37
6,10,12,22,24,38
6,10,12,22,27,37
6,10,12,22,27,38
6,10,12,22,28,38
6,10,12,22,37,38
6,10,12,22,38,43
6,10,12,23,24,27
6,10,12,23,24,37
6,10,12,23,24,38
6,10,12,23,27,28
6,10,12,23,27,37
6,10,12,23,27,38
6,10,12,23,27,43
6,10,12,23,28,37
6,10,12,23,28,38
6,10,12,23,37,38
6,10,12,23,37,43
6,10,12,23,38,39
6,10,12,23,38,43
6,10,12,24,25,38
6,10,12,24,27,28
6,10,12,24,27,37
6,10,12,24,27,38
6,10,12,24,27,43
6,10,12,24,28,37
6,10,12,24,28,38
6,10,12,24,37,38
6,10,12,24,37,43
6,10,12,24,38,39
6,10,12,24,38,42
6,10,12,24,38,43
6,10,12,25,27,37
6,10,12,25,27,38
6,10,12,25,37,38
6,10,12,25,38,43
6,10,12,27,28,37
6,10,12,27,28,38
6,10,12,27,28,43
6,10,12,27,30,37
6,10,12,27,30,38
6,10,12,27,31,37
6,10,12,27,31,38
6,10,12,27,32,37
6,10,12,27,32,38
6,10,12,27,36,37
6,10,12,27,36,38
6,10,12,27,37,39
6,10,12,27,37,42
6,10,12,27,37,43
6,10,12,27,38,39
6,10,12,27,38,42
6,10,12,27,38,43
6,10,12,28,37,38
6,10,12,28,37,43
6,10,12,28,38,39
6,10,12,28,38,43
6,10,12,30,37,38
6,10,12,31,37,38
6,10,12,32,37,38
6,10,12,36,37,38
6,10,12,37,38,39
6,10,12,37,38,42
6,10,12,37,38,43
6,10,12,38,39,43
6,10,12,38,42,43
6,10,14,27,37,38
6,10,15,18,27,38
6,10,15,18,37,38
6,10,15,19,20,27
6,10,15,19,20,37
6,10,15,19,20,38
6,10,15,19,22,38
6,10,15,19,23,27
6,10,15,19,23,37
6,10,15,19,23,38
6,10,15,19,24,27
6,10,15,19,24,37
6,10,15,19,24,38
6,10,15,19,27,28
6,10,15,19,27,37
6,10,15,19,27,38
6,10,15,19,27,43
6,10,15,19,28,37
6,10,15,19,28,38
6,10,15,19,37,38
6,10,15,19,37,43
6,10,15,19,38,43
6,10,15,20,23,38
6,10,15,20,24,27
6,10,15,20,24,37
6,10,15,20,24,38
6,10,15,20,27,37
6,10,15,20,27,38
6,10,15,20,27,43
6,10,15,20,28,38
6,10,15,20,37,38
6,10,15,20,37,43
6,10,15,20,38,43
6,10,15,21,27,37
6,10,15,21,27,38
6,10,15,21,37,38
6,10,15,22,24,38
6,10,15,22,27,37
6,10,15,22,27,38
6,10,15,22,37,38
6,10,15,23,24,27
6,10,15,23,24,37
6,10,15,23,24,38
6,10,15,23,27,37
6,10,15,23,27,38
6,10,15,23,28,38
6,10,15,23,37,38
6,10,15,23,38,43
6,10,15,24,27,28
6,10,15,24,27,37
6,10,15,24,27,38
6,10,15,24,27,43
6,10,15,24,28,37
6,10,15,24,28,38
6,10,15,24,37,38
6,10,15,24,37,43
6,10,15,24,38,43
6,10,15,25,27,37
6,10,15,25,27,38
6,10,15,25,37,38
6,10,15,27,28,37
6,10,15,27,28,38
6,10,15,27,30,38
6,10,15,27,31,38
6,10,15,27,32,38
6,10,15,27,36,38
6,10,15,27,37,39
6,10,15,27,37,42
6,10,15,27,37,43
6,10,15,27,38,39
6,10,15,27,38,42
6,10,15,27,38,43
6,10,15,28,37,38
6,10,15,28,38,43
6,10,15,30,37,38
6,10,15,31,37,38
6,10,15,32,37,38
6,10,15,36,37,38
6,10,15,37,38,39
6,10,15,37,38,42
6,10,15,37,38,43
6,10,16,19,27,38
6,10,16,19,37,38
6,10,16,20,27,38
6,10,16,20,37,38
6,10,16,24,27,38
6,10,16,24,37,38
6,10,16,27,37,38
6,10,16,27,38,43
6,10,16,37,38,43
6,10,18,19,27,38
6,10,18,19,37,38
6,10,18,20,27,38
6,10,18,20,37,38
6,10,18,23,27,38
6,10,18,23,37,38
6,10,18,24,27,38
6,10,18,24,37,38
6,10,18,27,28,38
6,10,18,27,37,38
6,10,18,27,38,43
6,10,18,28,37,38
6,10,18,37,38,43
6,10,19,20,22,38
6,10,19,20,23,27
6,10,19,20,23,37
6,10,19,20,23,38
6,10,19,20,24,27
6,10,19,20,24,37
6,10,19,20,24,38
6,10,19,20,27,28
6,10,19,20,27,37
6,10,19,20,27,38
6,10,19,20,27,43
6,10,19,20,28,37
6,10,19,20,28,38
6,10,19,20,37,38
6,10,19,20,37,43
6,10,19,20,38,39
6,10,19,20,38,43
6,10,19,21,27,37
6,10,19,21,27,38
6,10,19,21,37,38
6,10,19,22,23,38
6,10,19,22,24,38
6,10,19,22,27,37
6,10,19,22,27,38
6,10,19,22,28,38
6,10,19,22,37,38
6,10,19,22,38,43
6,10,19,23,24,27
6,10,19,23,24,37
6,10,19,23,24,38
6,10,19,23,27,28
6,10,19,23,27,37
6,10,19,23,27,38
6,10,19,23,27,43
6,10,19,23,28,37
6,10,19,23,28,38
6,10,19,23,37,38
6,10,19,23,37,43
6,10,19,23,38,43
6,10,19,24,25,38
6,10,19,24,27,28
6,10,19,24,27,37
6,10,19,24,27,38
6,10,19,24,27,43
6,10,19,24,28,37
6,10,19,24,28,38
6,10,19,24,37,38
6,10,19,24,37,43
6,10,19,24,38,39
6,10,19,24,38,42
6,10,19,24,38,43
6,10,19,25,27,37
6,10,19,25,27,38
6,10,19,25,37,38
6,10,19,27,28,37
6,10,19,27,28,38
6,10,19,27,28,43
6,10,19,27,30,37
6,10,19,27,30,38
6,10,19,27,31,37
6,10,19,27,31,38
6,10,19,27,32,38
6,10,19,27,36,37
6,10,19,27,36,38
6,10,19,27,37,39
6,10,19,27,37,42
6,10,19,27,37,43
6,10,19,27,38,39
6,10,19,27,38,42
6,10,19,27,38,43
6,10,19,28,37,38
6,10,19,28,37,43
6,10,19,28,38,43
6,10,19,30,37,38
6,10,19,31,37,38
6,10,19,32,37,38
6,10,19,36,37,38
6,10,19,37,38,39
6,10,19,37,38,42
6,10,19,37,38,43
6,10,19,38,39,43
6,10,20,21,27,37
6,10,20,21,27,38
6,10,20,21,37,38
6,10,20,22,24,38
6,10,20,22,27,37
6,10,20,22,27,38
6,10,20,22,37,38
6,10,20,22,38,43
6,10,20,23,24,27
6,10,20,23,24,37
6,10,20,23,24,38
6,10,20,23,27,37
6,10,20,23,27,38
6,10,20,23,27,43
6,10,20,23,28,38
6,10,20,23,37,38
6,10,20,23,37,43
6,10,20,23,38,43
6,10,20,24,27,28
6,10,20,24,27,37
6,10,20,24,27,38
6,10,20,24,27,43
6,10,20,24,28,37
6,10,20,24,28,38
6,10,20,24,37,38
6,10,20,24,37,43
6,10,20,24,38,39
6,10,20,24,38,43
6,10,20,25,27,37
6,10,20,25,27,38
6,10,20,25,37,38
6,10,20,27,28,37
6,10,20,27,28,38
6,10,20,27,28,43
6,10,20,27,30,37
6,10,20,27,30,38
6,10,20,27,31,37
6,10,20,27,31,38
6,10,20,27,32,38
6,10,20,27,36,37
6,10,20,27,36,38
6,10,20,27,37,39
6,10,20,27,37,42
6,10,20,27,37,43
6,10,20,27,38,39
6,10,20,27,38,42
6,10,20,27,38,43
6,10,20,28,37,38
6,10,20,28,37,43
6,10,20,28,38,43
6,10,20,30,37,38
6,10,20,31,37,38
6,10,20,32,37,38
6,10,20,36,37,38
6,10,20,37,38,39
6,10,20,37,38,42
6,10,20,37,38,43
6,10,21,22,27,38
6,10,21,22,37,38
6,10,21,23,27,37
6,10,21,23,27,38
6,10,21,23,37,38
6,10,21,24,27,37
6,10,21,24,27,38
6,10,21,24,37,38
6,10,21,27,28,37
6,10,21,27,28,38
6,10,21,27,37,38
6,10,21,27,37,43
6,10,21,27,38,43
6,10,21,28,37,38
6,10,21,37,38,43
6,10,22,23,24,38
6,10,22,23,27,37
6,10,22,23,27,38
6,10,22,23,37,38
6,10,22,24,27,37
6,10,22,24,27,38
6,10,22,24,28,38
6,10,22,24,37,38
6,10,22,24,38,43
6,10,22,25,27,38
6,10,22,25,37,38
6,10,22,27,28,37
6,10,22,27,28,38
6,10,22,27,37,38
6,10,22,27,37,43
6,10,22,27,38,39
6,10,22,27,38,42
6,10,22,27,38,43
6,10,22,28,37,38
6,10,22,37,38,39
6,10,22,37,38,42
6,10,22,37,38,43
6,10,23,24,27,28
6,10,23,24,27,37
6,10,23,24,27,38
6,10,23,24,27,43
6,10,23,24,28,37
6,10,23,24,28,38
6,10,23,24,37,38
6,10,23,24,37,43
6,10,23,24,38,43
6,10,23,25,27,37
6,10,23,25,27,38
6,10,23,25,37,38
6,10,23,27,28,37
6,10,23,27,28,38
6,10,23,27,30,38
6,10,23,27,31,38
6,10,23,27,32,38
6,10,23,27,36,38
6,10,23,27,37,39
6,10,23,27,37,42
6,10,23,27,37,43
6,10,23,27,38,39
6,10,23,27,38,42
6,10,23,27,38,43
6,10,23,28,37,38
6,10,23,28,38,43
6,10,23,30,37,38
6,10,23,31,37,38
6,10,23,32,37,38
6,10,23,36,37,38
6,10,23,37,38,39
6,10,23,37,38,42
6,10,23,37,38,43
6,10,24,25,27,37
6,10,24,25,27,38
6,10,24,25,37,38
6,10,24,27,28,37
6,10,24,27,28,38
6,10,24,27,28,43
6,10,24,27,30,37
6,10,24,27,30,38
6,10,24,27,31,37
6,10,24,27,31,38
6,10,24,27,32,38
6,10,24,27,36,37
6,10,24,27,36,38
6,10,24,27,37,39
6,10,24,27,37,42
6,10,24,27,37,43
6,10,24,27,38,39
6,10,24,27,38,42
6,10,24,27,38,43
6,10,24,28,37,38
6,10,24,28,37,43
6,10,24,28,38,43
6,10,24,30,37,38
6,10,24,31,37,38
6,10,24,32,37,38
6,10,24,36,37,38
6,10,24,37,38,39
6,10,24,37,38,42
6,10,24,37,38,43
6,10,24,38,39,43
6,10,25,27,28,37
6,10,25,27,28,38
6,10,25,27,37,38
6,10,25,27,37,43
6,10,25,27,38,39
6,10,25,27,38,43
6,10,25,28,37,38
6,10,25,37,38,39
6,10,25,37,38,43
6,10,26,27,37,38
6,10,27,28,30,38
6,10,27,28,31,38
6,10,27,28,32,38
6,10,27,28,36,38
6,10,27,28,37,39
6,10,27,28,37,42
6,10,27,28,37,43
6,10,27,28,38,39
6,10,27,28,38,42
6,10,27,28,38,43
6,10,27,30,37,38
6,10,27,30,37,43
6,10,27,30,38,43
6,10,27,31,37,38
6,10,27,31,37,43
6,10,27,31,38,43
6,10,27,32,37,38
6,10,27,32,38,43
6,10,27,34,37,38
6,10,27,35,37,38
6,10,27,36,37,38
6,10,27,36,37,43
6,10,27,36,38,43
6,10,27,37,38,39
6,10,27,37,38,42
6,10,27,37,39,43
6,10,27,37,42,43
6,10,27,38,39,42
6,10,27,38,39,43
6,10,27,38,42,43
6,10,28,30,37,38
6,10,28,31,37,38
6,10,28,32,37,38
6,10,28,36,37,38
6,10,28,37,38,39
6,10,28,37,38,42
6,10,28,37,38,43
6,10,30,37,38,43
6,10,31,37,38,43
6,10,32,37,38,43
6,10,36,37,38,43
6,10,37,38,39,42
6,10,37,38,39,43
6,10,37,38,42,43
6,11,12,27,37,38
6,12,15,19,27,37
6,12,15,19,27,38
6,12,15,19,37,38
6,12,15,20,27,37
6,12,15,20,27,38
6,12,15,20,37,38
6,12,15,22,27,38
6,12,15,22,37,38
6,12,15,23,27,37
6,12,15,23,27,38
6,12,15,23,37,38
6,12,15,24,27,37
6,12,15,24,27,38
6,12,15,24,37,38
6,12,15,27,28,37
6,12,15,27,28,38
6,12,15,27,37,38
6,12,15,27,37,43
6,12,15,27,38,43
6,12,15,28,37,38
6,12,15,37,38,43
6,12,16,27,37,38
6,12,18,27,37,38
6,12,19,20,24,38
6,12,19,20,27,37
6,12,19,20,27,38
6,12,19,20,37,38
6,12,19,22,27,38
6,12,19,22,37,38
6,12,19,23,27,37
6,12,19,23,27,38
6,12,19,23,37,38
6,12,19,24,27,37
6,12,19,24,27,38
6,12,19,24,37,38
6,12,19,24,38,43
6,12,19,25,27,38
6,12,19,25,37,38
6,12,19,27,28,37
6,12,19,27,28,38
6,12,19,27,37,38
6,12,19,27,37,43
6,12,19,27,38,39
6,12,19,27,38,42
6,12,19,27,38,43
6,12,19,28,37,38
6,12,19,37,38,39
6,12,19,37,38,42
6,12,19,37,38,43
6,12,20,22,27,38
6,12,20,22,37,38
6,12,20,23,27,37
6,12,20,23,27,38
6,12,20,23,37,38
6,12,20,24,27,37
6,12,20,24,27,38
6,12,20,24,37,38
6,12,20,27,28,37
6,12,20,27,28,38
6,12,20,27,37,38
6,12,20,27,37,43
6,12,20,27,38,39
6,12,20,27,38,43
6,12,20,28,37,38
6,12,20,37,38,39
6,12,20,37,38,43
6,12,21,27,37,38
6,12,22,23,27,38
6,12,22,23,37,38
6,12,22,24,27,38
6,12,22,24,37,38
6,12,22,27,28,38
6,12,22,27,37,38
6,12,22,27,38,43
6,12,22,28,37,38
6,12,22,37,38,43
6,12,23,24,27,37
6,12,23,24,27,38
6,12,23,24,37,38
6,12,23,27,28,37
6,12,23,27,28,38
6,12,23,27,37,38
6,12,23,27,37,43
6,12,23,27,38,43
6,12,23,28,37,38
6,12,23,37,38,43
6,12,24,25,27,38
6,12,24,25,37,38
6,12,24,27,28,37
6,12,24,27,28,38
6,12,24,27,37,38
6,12,24,27,37,43
6,12,24,27,38,39
6,12,24,27,38,42
6,12,24,27,38,43
6,12,24,28,37,38
6,12,24,37,38,39
6,12,24,37,38,42
6,12,24,37,38,43
6,12,25,27,37,38
6,12,27,28,37,38
6,12,27,28,37,43
6,12,27,28,38,43
6,12,27,30,37,38
6,12,27,31,37,38
6,12,27,32,37,38
6,12,27,36,37,38
6,12,27,37,38,39
6,12,27,37,38,42
6,12,27,37,38,43
6,12,27,38,39,43
6,12,28,37,38,43
6,12,37,38,39,43
6,15,19,20,27,37
6,15,19,20,27,38
6,15,19,20,37,38
6,15,19,23,27,38
6,15,19,23,37,38
6,15,19,24,27,37
6,15,19,24,27,38
6,15,19,24,37,38
6,15,19,27,28,38
6,15,19,27,37,38
6,15,19,27,37,43
6,15,19,27,38,43
6,15,19,28,37,38
6,15,19,37,38,43
6,15,20,23,27,38
6,15,20,23,37,38
6,15,20,24,27,37
6,15,20,24,27,38
6,15,20,24,37,38
6,15,20,27,28,38
6,15,20,27,37,38
6,15,20,27,38,43
6,15,20,28,37,38
6,15,20,37,38,43
6,15,21,27,37,38
6,15,22,27,37,38
6,15,23,24,27,38
6,15,23,24,37,38
6,15,23,27,28,38
6,15,23,27,37,38
6,15,23,27,38,43
6,15,23,28,37,38
6,15,23,37,38,43
6,15,24,27,28,38
6,15,24,27,37,38
6,15,24,27,37,43
6,15,24,27,38,43
6,15,24,28,37,38
6,15,24,37,38,43
6,15,25,27,37,38
6,15,27,28,37,38
6,15,27,28,38,43
6,15,27,30,37,38
6,15,27,31,37,38
6,15,27,36,37,38
6,15,27,37,38,39
6,15,27,37,38,42
6,15,27,37,38,43
6,15,28,37,38,43
6,16,19,27,37,38
6,16,24,27,37,38
6,18,19,27,37,38
6,18,20,27,37,38
6,18,24,27,37,38
6,18,27,37,38,43
6,19,20,22,27,38
6,19,20,22,37,38
6,19,20,23,27,37
6,19,20,23,27,38
6,19,20,23,37,38
6,19,20,24,27,37
6,19,20,24,27,38
6,19,20,24,37,38
6,19,20,27,28,37
6,19,20,27,28,38
6,19,20,27,37,38
6,19,20,27,37,43
6,19,20,27,38,43
6,19,20,28,37,38
6,19,20,37,38,43
6,19,21,27,37,38
6,19,22,24,27,38
6,19,22,24,37,38
6,19,22,27,37,38
6,19,22,27,38,43
6,19,22,37,38,43
6,19,23,24,27,37
6,19,23,24,27,38
6,19,23,24,37,38
6,19,23,27,28,38
6,19,23,27,37,38
6,19,23,27,37,43
6,19,23,27,38,43
6,19,23,28,37,38
6,19,23,37,38,43
6,19,24,27,28,37
6,19,24,27,28,38
6,19,24,27,37,38
6,19,24,27,37,43
6,19,24,27,38,39
6,19,24,27,38,43
6,19,24,28,37,38
6,19,24,37,38,39
6,19,24,37,38,43
6,19,25,27,37,38
6,19,27,28,37,38
6,19,27,28,37,43
6,19,27,28,38,43
6,19,27,30,37,38
6,19,27,31,37,38
6,19,27,32,37,38
6,19,27,36,37,38
6,19,27,37,38,39
6,19,27,37,38,42
6,19,27,37,38,43
6,19,28,37,38,43
6,20,21,27,37,38
6,20,22,24,27,38
6,20,22,24,37,38
6,20,22,27,37,38
6,20,23,24,27,37
6,20,23,24,27,38
6,20,23,24,37,38
6,20,23,27,28,38
6,20,23,27,37,38
6,20,23,27,38,43
6,20,23,28,37,38
6,20,23,37,38,43
6,20,24,27,28,37
6,20,24,27,28,38
6,20,24,27,37,38
6,20,24,27,37,43
6,20,24,27,38,43
6,20,24,28,37,38
6,20,24,37,38,43
6,20,25,27,37,38
6,20,27,28,37,38
6,20,27,28,38,43
6,20,27,30,37,38
6,20,27,31,37,38
6,20,27,32,37,38
6,20,27,36,37,38
6,20,27,37,38,39
6,20,27,37,38,42
6,20,27,37,38,43
6,20,28,37,38,43
6,21,23,27,37,38
6,21,24,27,37,38
6,21,27,28,37,38
6,21,27,37,38,43
6,22,23,27,37,38
6,22,24,27,37,38
6,22,24,27,38,43
6,22,24,37,38,43
6,22,25,27,37,38
6,22,27,28,37,38
6,22,27,37,38,39
6,22,27,37,38,42
6,22,27,37,38,43
6,23,24,27,28,38
6,23,24,27,37,38
6,23,24,27,37,43
6,23,24,27,38,43
6,23,24,28,37,38
6,23,24,37,38,43
6,23,25,27,37,38
6,23,27,28,37,38
6,23,27,28,38,43
6,23,27,30,37,38
6,23,27,31,37,38
6,23,27,36,37,38
6,23,27,37,38,39
6,23,27,37,38,42
6,23,27,37,38,43
6,23,28,37,38,43
6,24,25,27,37,38
6,24,27,28,37,38
6,24,27,28,37,43
6,24,27,28,38,43
6,24,27,30,37,38
6,24,27,31,37,38
6,24,27,32,37,38
6,24,27,36,37,38
6,24,27,37,38,39
6,24,27,37,38,42
6,24,27,37,38,43
6,24,28,37,38,43
6,25,27,28,37,38
6,25,27,37,38,43
6,27,28,30,37,38
6,27,28,31,37,38
6,27,28,36,37,38
6,27,28,37,38,39
6,27,28,37,38,42
6,27,28,37,38,43
6,27,30,37,38,43
6,27,31,37,38,43
6,27,32,37,38,43
6,27,36,37,38,43
6,27,37,38,39,43
6,27,37,38,42,43
8,10,12,27,37,38
8,10,19,27,37,38
8,10,24,27,37,38
10,12,15,27,37,38
10,12,19,27,37,38
10,12,20,27,37,38
10,12,23,27,37,38
10,12,24,27,37,38
10,12,27,28,37,38
10,12,27,37,38,43
10,19,20,27,37,38
10,19,24,27,37,38
10,19,27,37,38,43
10,20,24,27,37,38
10,24,27,37,38,43
